1763 1 0 1019.186484375
1763 2 0 1002.635546875
1763 3 0 1015.32046875
1763 4 0 1014.77890625
1763 5 0 1012.573515625
1763 6 0 1014.85328125
1763 7 0 1010.754609375
1763 8 0 1015.2684375
1763 9 0 1016.3315625
1763 10 0 1015.332734375
1763 11 0 1013.055546875
1763 12 0 1001.66
1764 1 0 1002.2646875
1764 2 0 1010.9884375
1764 3 0 1018.05125
1764 4 0 1008.4596875
1764 5 0 1017.699140625
1764 6 0 1016.01921875
1764 7 0 1016.31328125
1764 8 0 1015.640078125
1764 9 0 1020.967578125
1764 10 0 1013.917265625
1764 11 0 1012.0140625
1764 12 0 1007.163046875
1765 1 0 1009.9878125
1765 2 0 1015.247109375
1765 3 0 999.503671875
1765 4 0 1013.433515625
1765 5 0 1019.043125
1765 6 0 1019.32015625
1765 7 0 1017.413671875
1765 8 0 1017.126953125
1765 9 0 1021.73921875
1765 10 0 1006.79359375
1765 11 0 1015.69890625
1765 12 0 1013.62296875
1766 1 0 1025.198828125
1766 2 0 1013.47875
1766 3 0 1010.423984375
1766 4 0 1013.7053125
1766 5 0 1011.79890625
1766 6 0 1015.54890625
1766 7 0 1014.25421875
1766 8 0 1021.34203125
1766 9 0 1023.501796875
1766 10 0 1017.823828125
1766 11 0 1020.702109375
1766 12 0 1015.470859375
1767 1 0 1008.85765625
1767 2 0 1007.88484375
1767 3 0 1008.9859375
1767 4 0 1018.7175
1767 5 0 1012.3965625
1767 6 0 1016.314609375
1767 7 0 1010.85921875
1767 8 0 1017.82140625
1767 9 0 1019.70953125
1767 10 0 1013.92625
1767 11 0 1013.6615625
1767 12 0 1012.567578125
1768 1 0 1011.0059375
1768 2 0 1014.47734375
1768 3 0 1019.69359375
1768 4 0 1012.846640625
1768 5 0 1015.540703125
1768 6 0 1014.3075
1768 7 0 1014.228984375
1768 8 0 1015.27078125
1768 9 0 1013.349765625
1768 10 0 1014.926640625
1768 11 0 1005.453515625
1768 12 0 1016.04078125
1769 1 0 1011.167578125
1769 2 0 1005.064375
1769 3 0 1016.024765625
1769 4 0 1012.5271875
1769 5 0 1014.39375
1769 6 0 1014.58890625
1769 7 0 1017.970625
1769 8 0 1013.710234375
1769 9 0 1015.26171875
1769 10 0 1023.2509375
1769 11 0 1009.762265625
1769 12 0 1013.4928125
1770 1 0 1012.616015625
1770 2 0 1013.729375
1770 3 0 1004.719609375
1770 4 0 1005.89890625
1770 5 0 1011.5496875
1770 6 0 1012.04796875
1770 7 0 1017.678046875
1770 8 0 1019.409375
1770 9 0 1015.483359375
1770 10 0 1010.26875
1770 11 0 1004.395390625
1770 12 0 1004.972265625
1771 1 0 1003.938046875
1771 2 0 1017.890625
1771 3 0 1010.53515625
1771 4 0 1015.362890625
1771 5 0 1015.49015625
1771 6 0 1017.004375
1771 7 0 1017.410859375
1771 8 0 1013.270625
1771 9 0 1020.763359375
1771 10 0 1014.195859375
1771 11 0 1020.378203125
1771 12 0 1005.682421875
1772 1 0 1003.895625
1772 2 0 1002.403203125
1772 3 0 1004.71140625
1772 4 0 1010.078984375
1772 5 0 1016.970546875
1772 6 0 1018.9790625
1772 7 0 1017.79984375
1772 8 0 1015.923515625
1772 9 0 1015.121328125
1772 10 0 1016.84140625
1772 11 0 1008.892109375
1772 12 0 1015.375
1773 1 0 1007.90765625
1773 2 0 1014.843203125
1773 3 0 1019.156015625
1773 4 0 1012.608671875
1773 5 0 1011.86515625
1773 6 0 1013.37734375
1773 7 0 1018.568359375
1773 8 0 1019.012265625
1773 9 0 1015.3815625
1773 10 0 1015.520703125
1773 11 0 1007.85234375
1773 12 0 1006.36328125
1774 1 0 1001.72265625
1774 2 0 1008.498203125
1774 3 0 1010.966171875
1774 4 0 1009.669921875
1774 5 0 1012.688515625
1774 6 0 1013.644921875
1774 7 0 1016.828203125
1774 8 0 1017.20953125
1774 9 0 1015.7559375
1774 10 0 1022.0040625
1774 11 0 1010.6909375
1774 12 0 1020.7265625
1775 1 0 1013.18984375
1775 2 0 1008.540546875
1775 3 0 1007.406484375
1775 4 0 1017.273984375
1775 5 0 1018.764296875
1775 6 0 1015.0578125
1775 7 0 1014.6753125
1775 8 0 1015.558359375
1775 9 0 1015.495234375
1775 10 0 1013.225625
1775 11 0 1011.69875
1775 12 0 1017.196171875
1776 1 0 1010.049296875
1776 2 0 998.180546875
1776 3 0 1012.649609375
1776 4 0 1016.719375
1776 5 0 1015.4590625
1776 6 0 1013.6746875
1776 7 0 1015.518125
1776 8 0 1014.68984375
1776 9 0 1016.45203125
1776 10 0 1020.781875
1776 11 0 1014.0184375
1776 12 0 1014.0540625
1777 1 0 1011.3828125
1777 2 0 1009.345234375
1777 3 0 1007.981484375
1777 4 0 1015.910625
1777 5 0 1009.015078125
1777 6 0 1014.981640625
1777 7 0 1013.45703125
1777 8 0 1019.50453125
1777 9 0 1022.97171875
1777 10 0 1014.085
1777 11 0 1014.77453125
1777 12 0 1009.618515625
1778 1 0 1008.49921875
1778 2 0 1010.57890625
1778 3 0 1007.9259375
1778 4 0 1008.278125
1778 5 0 1013.713046875
1778 6 0 1018.5884375
1778 7 0 1015.96734375
1778 8 0 1022.471875
1778 9 0 1018.831484375
1778 10 0 1007.6253125
1778 11 0 1009.15171875
1778 12 0 1011.6628125
1779 1 0 1025.273125
1779 2 0 1024.98140625
1779 3 0 1022.628046875
1779 4 0 1014.69140625
1779 5 0 1013.837421875
1779 6 0 1014.8028125
1779 7 0 1014.288984375
1779 8 0 1021.622265625
1779 9 0 1017.29015625
1779 10 0 1019.6465625
1779 11 0 1004.965
1779 12 0 1004.772734375
1780 1 0 1009.768359375
1780 2 0 1012.818515625
1780 3 0 1012.6771875
1780 4 0 1004.542734375
1780 5 0 1015.062421875
1780 6 0 1016.87640625
1780 7 0 1018.146484375
1780 8 0 1021.936015625
1780 9 0 1016.776796875
1780 10 0 1011.191875
1780 11 0 1011.156875
1780 12 0 1025.91125
1781 1 0 1014.979375
1781 2 0 1008.30109375
1781 3 0 1019.968046875
1781 4 0 1013.589453125
1781 5 0 1017.301796875
1781 6 0 1013.0828125
1781 7 0 1018.501796875
1781 8 0 1016.728515625
1781 9 0 1015.588515625
1781 10 0 1019.79765625
1781 11 0 1009.351640625
1781 12 0 1014.791875
1782 1 0 1006.8384375
1782 2 0 1017.266640625
1782 3 0 1004.933828125
1782 4 0 1005.97765625
1782 5 0 1008.07953125
1782 6 0 1020.58984375
1782 7 0 1016.953671875
1782 8 0 1009.7590625
1782 9 0 1018.7875
1782 10 0 1013.066640625
1782 11 0 1015.192578125
1782 12 0 1018.188515625
1783 1 0 1002.64
1783 2 0 1008.926015625
1783 3 0 1006.726015625
1783 4 0 1021.275078125
1783 5 0 1013.381015625
1783 6 0 1015.777265625
1783 7 0 1019.943203125
1783 8 0 1017.675625
1783 9 0 1015.096875
1783 10 0 1017.89140625
1783 11 0 1015.57515625
1783 12 0 1017.36703125
1784 1 0 1011.486171875
1784 2 0 1007.90078125
1784 3 0 1004.7078125
1784 4 0 1007.4446875
1784 5 0 1019.641484375
1784 6 0 1013.594921875
1784 7 0 1015.692578125
1784 8 0 1017.19875
1784 9 0 1020.62453125
1784 10 0 1021.909375
1784 11 0 1012.92921875
1784 12 0 1006.545859375
1785 1 0 1012.045703125
1785 2 0 1009.2725
1785 3 0 1014.973828125
1785 4 0 1020.026171875
1785 5 0 1016.132890625
1785 6 0 1021.344140625
1785 7 0 1012.69875
1785 8 0 1011.5178125
1785 9 0 1013.432109375
1785 10 0 1016.3865625
1785 11 0 1010.44640625
1785 12 0 1013.7540625
1786 1 0 1008.506875
1786 2 0 1014.9546875
1786 3 0 1008.87015625
1786 4 0 1013.6859375
1786 5 0 1014.432421875
1786 6 0 1016.8271875
1786 7 0 1017.76796875
1786 8 0 1015.4928125
1786 9 0 1012.787578125
1786 10 0 1019.879296875
1786 11 0 1014.6296875
1786 12 0 1006.51953125
1787 1 0 1022.227734375
1787 2 0 1012.82609375
1787 3 0 1009.9975
1787 4 0 1013.30109375
1787 5 0 1013.488515625
1787 6 0 1013.77421875
1787 7 0 1013.0934375
1787 8 0 1018.5475
1787 9 0 1019.06453125
1787 10 0 1011.053125
1787 11 0 1011.005078125
1787 12 0 1008.608671875
1788 1 0 1014.25875
1788 2 0 1006.812421875
1788 3 0 1007.1809375
1788 4 0 1016.072578125
1788 5 0 1018.131875
1788 6 0 1014.723046875
1788 7 0 1018.072578125
1788 8 0 1016.439296875
1788 9 0 1017.178515625
1788 10 0 1021.593203125
1788 11 0 1020.851171875
1788 12 0 1013.732734375
1789 1 0 1009.596171875
1789 2 0 1004.610859375
1789 3 0 1006.637265625
1789 4 0 1008.241875
1789 5 0 1014.863828125
1789 6 0 1011.6925
1789 7 0 1013.93828125
1789 8 0 1020.13859375
1789 9 0 1015.45859375
1789 10 0 1010.9978125
1789 11 0 1008.6234375
1789 12 0 1011.8196875
1790 1 0 1017.82921875
1790 2 0 1021.370546875
1790 3 0 1024.14421875
1790 4 0 1012.309375
1790 5 0 1013.444609375
1790 6 0 1017.575546875
1790 7 0 1011.117890625
1790 8 0 1016.29734375
1790 9 0 1017.432734375
1790 10 0 1016.4075
1790 11 0 1013.3609375
1790 12 0 1008.962734375
1791 1 0 999.001328125
1791 2 0 1011.68515625
1791 3 0 1019.400234375
1791 4 0 1009.5371875
1791 5 0 1016.0015625
1791 6 0 1013.496875
1791 7 0 1013.994921875
1791 8 0 1020.1559375
1791 9 0 1022.596328125
1791 10 0 1009.75515625
1791 11 0 1008.09515625
1791 12 0 1003.02640625
1792 1 0 1005.1934375
1792 2 0 1015.334765625
1792 3 0 1009.4996875
1792 4 0 1013.304609375
1792 5 0 1014.40390625
1792 6 0 1013.38125
1792 7 0 1014.314609375
1792 8 0 1015.1596875
1792 9 0 1011.95578125
1792 10 0 1015.319140625
1792 11 0 1017.782890625
1792 12 0 1006.2221875
1793 1 0 1015.33265625
1793 2 0 1008.086953125
1793 3 0 1012.637265625
1793 4 0 1013.91359375
1793 5 0 1016.47984375
1793 6 0 1015.02984375
1793 7 0 1018.4071875
1793 8 0 1017.402578125
1793 9 0 1020.005625
1793 10 0 1016.418125
1793 11 0 1013.535078125
1793 12 0 1008.74921875
1794 1 0 1014.916484375
1794 2 0 1010.98390625
1794 3 0 1016.634296875
1794 4 0 1014.198359375
1794 5 0 1013.792890625
1794 6 0 1017.277890625
1794 7 0 1017.833359375
1794 8 0 1014.840859375
1794 9 0 1015.4434375
1794 10 0 1012.86125
1794 11 0 1011.293046875
1794 12 0 1017.78171875
1795 1 0 1016.456484375
1795 2 0 1006.66078125
1795 3 0 1008.848984375
1795 4 0 1011.07046875
1795 5 0 1019.89515625
1795 6 0 1013.46765625
1795 7 0 1015.911953125
1795 8 0 1017.8853125
1795 9 0 1025.756484375
1795 10 0 1010.328046875
1795 11 0 1010.199375
1795 12 0 1013.73671875
1796 1 0 1006.241484375
1796 2 0 1009.429921875
1796 3 0 1016.60984375
1796 4 0 1017.27515625
1796 5 0 1008.648828125
1796 6 0 1015.10609375
1796 7 0 1011.5846875
1796 8 0 1020.19984375
1796 9 0 1018.475546875
1796 10 0 1014.227890625
1796 11 0 1011.333125
1796 12 0 1010.00234375
1797 1 0 1020.04953125
1797 2 0 1025.906171875
1797 3 0 1014.56171875
1797 4 0 1010.06375
1797 5 0 1012.8040625
1797 6 0 1012.498359375
1797 7 0 1017.1621875
1797 8 0 1014.560078125
1797 9 0 1012.903046875
1797 10 0 1013.468203125
1797 11 0 1014.286328125
1797 12 0 1009.03671875
1798 1 0 1011.9675
1798 2 0 1016.696171875
1798 3 0 1011.625390625
1798 4 0 1015.856875
1798 5 0 1016.71859375
1798 6 0 1018.673515625
1798 7 0 1012.228515625
1798 8 0 1021.395859375
1798 9 0 1013.664453125
1798 10 0 1017.2765625
1798 11 0 1004.268359375
1798 12 0 1015.829453125
1799 1 0 1016.160234375
1799 2 0 1007.563828125
1799 3 0 1012.801328125
1799 4 0 1004.380859375
1799 5 0 1011.560390625
1799 6 0 1018.30578125
1799 7 0 1012.211015625
1799 8 0 1014.045
1799 9 0 1015.016328125
1799 10 0 1012.89171875
1799 11 0 1013.50859375
1799 12 0 1017.276875
1800 1 0 1002.6234375
1800 2 0 1013.972421875
1800 3 0 1012.595546875
1800 4 0 1007.341484375
1800 5 0 1013.433828125
1800 6 0 1015.30703125
1800 7 0 1022.743046875
1800 8 0 1019.14796875
1800 9 0 1014.6290625
1800 10 0 1014.55015625
1800 11 0 1006.475078125
1800 12 0 1007.368671875
1801 1 0 1008.94328125
1801 2 0 1009.41046875
1801 3 0 1010.01203125
1801 4 0 1017.885
1801 5 0 1011.808828125
1801 6 0 1016.900078125
1801 7 0 1011.182421875
1801 8 0 1020.849375
1801 9 0 1018.526953125
1801 10 0 1013.00578125
1801 11 0 1006.9409375
1801 12 0 998.718984375
1802 1 0 1013.5671875
1802 2 0 1008.28234375
1802 3 0 1015.38296875
1802 4 0 1016.739140625
1802 5 0 1017.319765625
1802 6 0 1014.744375
1802 7 0 1013.70953125
1802 8 0 1021.304296875
1802 9 0 1022.37140625
1802 10 0 1012.905625
1802 11 0 1008.94703125
1802 12 0 1008.45421875
1803 1 0 1010.15765625
1803 2 0 1010.52453125
1803 3 0 1016.49046875
1803 4 0 1012.904765625
1803 5 0 1014.093515625
1803 6 0 1017.591171875
1803 7 0 1022.38984375
1803 8 0 1020.45734375
1803 9 0 1023.73515625
1803 10 0 1019.58453125
1803 11 0 1003.46234375
1803 12 0 1007.35234375
1804 1 0 1004.627265625
1804 2 0 1014.8615625
1804 3 0 1007.9021875
1804 4 0 1007.968046875
1804 5 0 1015.4778125
1804 6 0 1020.482890625
1804 7 0 1012.7871875
1804 8 0 1015.2584375
1804 9 0 1024.417734375
1804 10 0 1012.099609375
1804 11 0 1016.456171875
1804 12 0 1013.10078125
1805 1 0 1007.2459375
1805 2 0 1008.440078125
1805 3 0 1015.483203125
1805 4 0 1012.944765625
1805 5 0 1013.551640625
1805 6 0 1015.8946875
1805 7 0 1015.62734375
1805 8 0 1016.082734375
1805 9 0 1020.6146875
1805 10 0 1016.528125
1805 11 0 1027.453046875
1805 12 0 1004.0115625
1806 1 0 998.5565625
1806 2 0 1013.00078125
1806 3 0 1007.652265625
1806 4 0 1016.912109375
1806 5 0 1015.342890625
1806 6 0 1020.350390625
1806 7 0 1013.131171875
1806 8 0 1015.14015625
1806 9 0 1022.48375
1806 10 0 1017.343125
1806 11 0 1010.81015625
1806 12 0 1002.74046875
1807 1 0 1014.36765625
1807 2 0 1005.1603125
1807 3 0 1014.825546875
1807 4 0 1013.56375
1807 5 0 1012.273984375
1807 6 0 1019.011015625
1807 7 0 1018.298046875
1807 8 0 1017.66859375
1807 9 0 1013.510625
1807 10 0 1015.66953125
1807 11 0 1004.26703125
1807 12 0 1012.622890625
1808 1 0 1007.46625
1808 2 0 1016.7184375
1808 3 0 1022.652890625
1808 4 0 1010.47921875
1808 5 0 1016.659375
1808 6 0 1016.173203125
1808 7 0 1018.448203125
1808 8 0 1014.5525
1808 9 0 1014.676875
1808 10 0 1010.703515625
1808 11 0 1013.636015625
1808 12 0 1008.885234375
1809 1 0 1002.48078125
1809 2 0 1008.29765625
1809 3 0 1018.150546875
1809 4 0 1009.075078125
1809 5 0 1015.567265625
1809 6 0 1015.264140625
1809 7 0 1013.7628125
1809 8 0 1013.030234375
1809 9 0 1010.54703125
1809 10 0 1024.399921875
1809 11 0 1015.352421875
1809 12 0 1003.139375
1810 1 0 1021.561953125
1810 2 0 1010.92
1810 3 0 1006.17125
1810 4 0 1012.3109375
1810 5 0 1013.912109375
1810 6 0 1020.158359375
1810 7 0 1012.77078125
1810 8 0 1016.057109375
1810 9 0 1023.300703125
1810 10 0 1017.816796875
1810 11 0 1004.84765625
1810 12 0 1006.295078125
1811 1 0 1013.9609375
1811 2 0 1005.11703125
1811 3 0 1019.1728125
1811 4 0 1009.577578125
1811 5 0 1012.08984375
1811 6 0 1015.541328125
1811 7 0 1018.0759375
1811 8 0 1016.5459375
1811 9 0 1019.92625
1811 10 0 1011.257578125
1811 11 0 1014.8646875
1811 12 0 1005.42265625
1812 1 0 1010.24234375
1812 2 0 1007.115078125
1812 3 0 1007.532109375
1812 4 0 1013.421171875
1812 5 0 1014.47046875
1812 6 0 1016.26390625
1812 7 0 1017.241640625
1812 8 0 1019.667265625
1812 9 0 1021.453046875
1812 10 0 1004.403515625
1812 11 0 1013.7390625
1812 12 0 1016.462890625
1813 1 0 1018.953359375
1813 2 0 1010.256875
1813 3 0 1020.71734375
1813 4 0 1014.08921875
1813 5 0 1010.99375
1813 6 0 1017.661796875
1813 7 0 1013.424609375
1813 8 0 1019.682265625
1813 9 0 1020.695234375
1813 10 0 1008.865078125
1813 11 0 1010.03078125
1813 12 0 1011.647890625
1814 1 0 1001.44390625
1814 2 0 1019.583828125
1814 3 0 1011.07
1814 4 0 1014.193125
1814 5 0 1016.814453125
1814 6 0 1018.209375
1814 7 0 1016.871484375
1814 8 0 1018.6925
1814 9 0 1023.069609375
1814 10 0 1014.670625
1814 11 0 1009.877265625
1814 12 0 1007.354765625
1815 1 0 1011.401796875
1815 2 0 1012.361328125
1815 3 0 1008.705859375
1815 4 0 1013.776796875
1815 5 0 1014.7284375
1815 6 0 1012.95328125
1815 7 0 1018.613828125
1815 8 0 1015.7415625
1815 9 0 1021.436953125
1815 10 0 1017.01109375
1815 11 0 1015.61953125
1815 12 0 1010.035859375
1816 1 0 1004.787578125
1816 2 0 1009.20015625
1816 3 0 1009.19109375
1816 4 0 1009.41171875
1816 5 0 1011.743046875
1816 6 0 1012.69640625
1816 7 0 1009.030859375
1816 8 0 1015.578203125
1816 9 0 1017.887265625
1816 10 0 1015.0253125
1816 11 0 1010.878515625
1816 12 0 1008.908671875
1817 1 0 1009.83140625
1817 2 0 1009.665234375
1817 3 0 1008.70953125
1817 4 0 1021.371171875
1817 5 0 1008.715234375
1817 6 0 1015.02828125
1817 7 0 1013.41875
1817 8 0 1012.668671875
1817 9 0 1021.05921875
1817 10 0 1019.59984375
1817 11 0 1018.8071875
1817 12 0 1004.3828125
1818 1 0 1009.217734375
1818 2 0 1008.937265625
1818 3 0 1002.779140625
1818 4 0 1008.528203125
1818 5 0 1014.261015625
1818 6 0 1019.4165625
1818 7 0 1020.284609375
1818 8 0 1020.53015625
1818 9 0 1016.412265625
1818 10 0 1018.62109375
1818 11 0 1016.54828125
1818 12 0 1019.818828125
1819 1 0 1010.578203125
1819 2 0 1005.06078125
1819 3 0 1010.0321875
1819 4 0 1011.401953125
1819 5 0 1014.046015625
1819 6 0 1014.818125
1819 7 0 1017.16515625
1819 8 0 1019.55109375
1819 9 0 1020.110859375
1819 10 0 1014.54578125
1819 11 0 1009.406640625
1819 12 0 1010.13828125
1820 1 0 1013.183046875
1820 2 0 1018.007890625
1820 3 0 1010.013828125
1820 4 0 1014.380078125
1820 5 0 1012.19421875
1820 6 0 1014.89765625
1820 7 0 1016.308046875
1820 8 0 1015.432421875
1820 9 0 1019.496640625
1820 10 0 1009.403671875
1820 11 0 1015.793828125
1820 12 0 1016.8796875
1821 1 0 1013.612265625
1821 2 0 1024.663984375
1821 3 0 1004.46078125
1821 4 0 1006.165234375
1821 5 0 1012.486953125
1821 6 0 1018.362890625
1821 7 0 1015.70921875
1821 8 0 1017.344921875
1821 9 0 1015.3796875
1821 10 0 1017.315703125
1821 11 0 1011.251484375
1821 12 0 1001.067890625
1822 1 0 1013.724921875
1822 2 0 1018.993125
1822 3 0 1014.267578125
1822 4 0 1016.24828125
1822 5 0 1016.807734375
1822 6 0 1020.606484375
1822 7 0 1012.08765625
1822 8 0 1015.72953125
1822 9 0 1018.641875
1822 10 0 1012.044609375
1822 11 0 1012.01359375
1822 12 0 1020.150625
1823 1 0 1010.02265625
1823 2 0 999.32390625
1823 3 0 1008.096953125
1823 4 0 1010.710703125
1823 5 0 1014.800703125
1823 6 0 1013.344296875
1823 7 0 1012.575703125
1823 8 0 1016.59890625
1823 9 0 1018.7640625
1823 10 0 1011.59
1823 11 0 1020.32203125
1823 12 0 1007.4090625
1824 1 0 1015.344140625
1824 2 0 1011.596875
1824 3 0 1007.16234375
1824 4 0 1012.53359375
1824 5 0 1013.546015625
1824 6 0 1014.286640625
1824 7 0 1016.602578125
1824 8 0 1016.34390625
1824 9 0 1017.853046875
1824 10 0 1007.47453125
1824 11 0 1005.228984375
1824 12 0 1007.330625
1825 1 0 1019.80640625
1825 2 0 1018.906875
1825 3 0 1020.268359375
1825 4 0 1015.405
1825 5 0 1015.718515625
1825 6 0 1016.35265625
1825 7 0 1020.514453125
1825 8 0 1016.071484375
1825 9 0 1015.77640625
1825 10 0 1016.447265625
1825 11 0 1005.02953125
1825 12 0 1004.454453125
1826 1 0 1018.772578125
1826 2 0 1015.743828125
1826 3 0 1015.6309375
1826 4 0 1013.1434375
1826 5 0 1015.350390625
1826 6 0 1022.786484375
1826 7 0 1016.43703125
1826 8 0 1018.992890625
1826 9 0 1017.55609375
1826 10 0 1015.979140625
1826 11 0 1009.620078125
1826 12 0 1010.781875
1827 1 0 1006.858203125
1827 2 0 1016.48421875
1827 3 0 1002.768203125
1827 4 0 1015.555703125
1827 5 0 1009.47578125
1827 6 0 1014.485390625
1827 7 0 1019.234296875
1827 8 0 1017.9090625
1827 9 0 1020.81171875
1827 10 0 1013.191875
1827 11 0 1015.996796875
1827 12 0 1009.826484375
1828 1 0 1014.644765625
1828 2 0 1010.10109375
1828 3 0 1009.916015625
1828 4 0 1009.00390625
1828 5 0 1012.928828125
1828 6 0 1016.8346875
1828 7 0 1008.04609375
1828 8 0 1013.80234375
1828 9 0 1019.736640625
1828 10 0 1021.11484375
1828 11 0 1016.3678125
1828 12 0 1015.39828125
1829 1 0 1009.44609375
1829 2 0 1016.6059375
1829 3 0 1010.5534375
1829 4 0 1002.284296875
1829 5 0 1017.1840625
1829 6 0 1016.183671875
1829 7 0 1011.775546875
1829 8 0 1013.767421875
1829 9 0 1011.862109375
1829 10 0 1016.608984375
1829 11 0 1016.223984375
1829 12 0 1022.204765625
1830 1 0 1015.0521875
1830 2 0 1010.565390625
1830 3 0 1017.3590625
1830 4 0 1007.783671875
1830 5 0 1012.12296875
1830 6 0 1010.364765625
1830 7 0 1016.59078125
1830 8 0 1013.84015625
1830 9 0 1012.76859375
1830 10 0 1024.248359375
1830 11 0 1013.5815625
1830 12 0 1002.84375
1831 1 0 1010.4403125
1831 2 0 1010.109453125
1831 3 0 1011.61921875
1831 4 0 1008.07375
1831 5 0 1013.74859375
1831 6 0 1014.40140625
1831 7 0 1017.3721875
1831 8 0 1016.04109375
1831 9 0 1017.767265625
1831 10 0 1016.255859375
1831 11 0 1011.41375
1831 12 0 1010.050390625
1832 1 0 1014.832734375
1832 2 0 1019.206875
1832 3 0 1011.87640625
1832 4 0 1017.4803125
1832 5 0 1013.56390625
1832 6 0 1012.977890625
1832 7 0 1017.613828125
1832 8 0 1016.155859375
1832 9 0 1023.24703125
1832 10 0 1021.47921875
1832 11 0 1014.61203125
1832 12 0 1013.076328125
1833 1 0 1022.986875
1833 2 0 1001.7215625
1833 3 0 1011.06046875
1833 4 0 1007.891484375
1833 5 0 1020.4315625
1833 6 0 1012.31125
1833 7 0 1016.49109375
1833 8 0 1014.23671875
1833 9 0 1015.775859375
1833 10 0 1014.1009375
1833 11 0 1013.37375
1833 12 0 1003.09109375
1834 1 0 1005.90625
1834 2 0 1020.63171875
1834 3 0 1019.9415625
1834 4 0 1019.77484375
1834 5 0 1017.07703125
1834 6 0 1016.29390625
1834 7 0 1017.49234375
1834 8 0 1015.29125
1834 9 0 1022.37640625
1834 10 0 1016.568046875
1834 11 0 1014.61796875
1834 12 0 1022.386015625
1835 1 0 1017.04078125
1835 2 0 1007.298046875
1835 3 0 1012.595859375
1835 4 0 1017.3525
1835 5 0 1012.566171875
1835 6 0 1018.228671875
1835 7 0 1019.569921875
1835 8 0 1019.0109375
1835 9 0 1013.088984375
1835 10 0 1011.6925
1835 11 0 1016.56375
1835 12 0 1020.314609375
1836 1 0 1012.988515625
1836 2 0 1008.03703125
1836 3 0 1001.893515625
1836 4 0 1010.254375
1836 5 0 1021.795234375
1836 6 0 1014.841796875
1836 7 0 1016.9496875
1836 8 0 1019.6715625
1836 9 0 1015.329609375
1836 10 0 1014.080703125
1836 11 0 1006.07953125
1836 12 0 1007.43421875
1837 1 0 1013.4834375
1837 2 0 1014.35796875
1837 3 0 1013.00609375
1837 4 0 1009.562265625
1837 5 0 1012.896015625
1837 6 0 1017.29609375
1837 7 0 1016.48640625
1837 8 0 1018.783984375
1837 9 0 1017.070234375
1837 10 0 1021.8721875
1837 11 0 1010.14484375
1837 12 0 1014.863046875
1838 1 0 1015.40671875
1838 2 0 1004.548828125
1838 3 0 1009.364609375
1838 4 0 1006.27
1838 5 0 1013.836171875
1838 6 0 1012.8440625
1838 7 0 1016.215390625
1838 8 0 1014.0340625
1838 9 0 1020.783984375
1838 10 0 1016.04453125
1838 11 0 1004.133203125
1838 12 0 1017.564453125
1839 1 0 1006.71625
1839 2 0 1013.70234375
1839 3 0 1011.29703125
1839 4 0 1019.035078125
1839 5 0 1014.606953125
1839 6 0 1014.54796875
1839 7 0 1015.6878125
1839 8 0 1017.526875
1839 9 0 1011.673125
1839 10 0 1022.123125
1839 11 0 1009.761328125
1839 12 0 1008.1484375
1840 1 0 1007.945546875
1840 2 0 1015.290078125
1840 3 0 1021.61796875
1840 4 0 1018.305234375
1840 5 0 1011.328125
1840 6 0 1015.455859375
1840 7 0 1013.435859375
1840 8 0 1017.4725
1840 9 0 1014.306640625
1840 10 0 1015.647421875
1840 11 0 1006.448828125
1840 12 0 1021.78078125
1841 1 0 1006.45484375
1841 2 0 1010.91390625
1841 3 0 1013.856484375
1841 4 0 1010.9703125
1841 5 0 1014.005703125
1841 6 0 1014.21578125
1841 7 0 1012.290625
1841 8 0 1017.165078125
1841 9 0 1016.5128125
1841 10 0 1004.176875
1841 11 0 1010.1446875
1841 12 0 1004.535
1842 1 0 1016.19015625
1842 2 0 1016.2740625
1842 3 0 1008.9153125
1842 4 0 1018.02140625
1842 5 0 1015.53921875
1842 6 0 1018.334765625
1842 7 0 1016.165078125
1842 8 0 1021.83171875
1842 9 0 1016.65328125
1842 10 0 1016.0403125
1842 11 0 1009.464375
1842 12 0 1018.80296875
1843 1 0 1004.21734375
1843 2 0 1001.897890625
1843 3 0 1013.903359375
1843 4 0 1010.1753125
1843 5 0 1010.98921875
1843 6 0 1011.2578125
1843 7 0 1015.326953125
1843 8 0 1019.49328125
1843 9 0 1025.242578125
1843 10 0 1008.909296875
1843 11 0 1012.486484375
1843 12 0 1024.20265625
1844 1 0 1011.50140625
1844 2 0 1000.7153125
1844 3 0 1008.590703125
1844 4 0 1020.366640625
1844 5 0 1017.994921875
1844 6 0 1014.571953125
1844 7 0 1013.75
1844 8 0 1011.900078125
1844 9 0 1021.85234375
1844 10 0 1009.881484375
1844 11 0 1011.765
1844 12 0 1018.9590625
1845 1 0 1009.41484375
1845 2 0 1011.349140625
1845 3 0 1015.38671875
1845 4 0 1011.308046875
1845 5 0 1010.85375
1845 6 0 1015.10375
1845 7 0 1015.258046875
1845 8 0 1013.889921875
1845 9 0 1017.14203125
1845 10 0 1017.908125
1845 11 0 1009.944375
1845 12 0 1004.509375
1846 1 0 1008.378203125
1846 2 0 1011.18359375
1846 3 0 1008.17046875
1846 4 0 1007.2271875
1846 5 0 1014.875234375
1846 6 0 1018.230546875
1846 7 0 1015.328046875
1846 8 0 1017.849375
1846 9 0 1019.055625
1846 10 0 1009.4640625
1846 11 0 1017.49765625
1846 12 0 1005.985
1847 1 0 1013.87546875
1847 2 0 1009.757265625
1847 3 0 1016.768359375
1847 4 0 1006.386015625
1847 5 0 1014.012734375
1847 6 0 1014.458046875
1847 7 0 1019.632578125
1847 8 0 1019.6728125
1847 9 0 1016.6946875
1847 10 0 1017.72828125
1847 11 0 1017.60671875
1847 12 0 1012.6271875
1848 1 0 1015.450390625
1848 2 0 1001.99078125
1848 3 0 1004.025546875
1848 4 0 1006.594375
1848 5 0 1018.82046875
1848 6 0 1011.62546875
1848 7 0 1016.7878125
1848 8 0 1013.975625
1848 9 0 1020.27703125
1848 10 0 1013.55265625
1848 11 0 1010.99546875
1848 12 0 1015.855703125
1849 1 0 1010.03734375
1849 2 0 1019.661328125
1849 3 0 1015.525625
1849 4 0 1005.451796875
1849 5 0 1014.727109375
1849 6 0 1015.699765625
1849 7 0 1015.80421875
1849 8 0 1017.75296875
1849 9 0 1019.57046875
1849 10 0 1015.40875
1849 11 0 1012.714609375
1849 12 0 1012.59
1850 1 0 1014.136171875
1850 2 0 1009.378203125
1850 3 0 1019.46296875
1850 4 0 1008.6090625
1850 5 0 1011.263984375
1850 6 0 1018.51796875
1850 7 0 1016.2521875
1850 8 0 1016.133203125
1850 9 0 1022.94171875
1850 10 0 1011.143046875
1850 11 0 1010.594453125
1850 12 0 1014.03484375
1851 1 0 1009.54828125
1851 2 0 1014.043046875
1851 3 0 1006.9740625
1851 4 0 1010.142109375
1851 5 0 1016.040078125
1851 6 0 1018.00359375
1851 7 0 1012.673203125
1851 8 0 1019.55859375
1851 9 0 1024.231015625
1851 10 0 1014.794921875
1851 11 0 1009.811640625
1851 12 0 1021.806796875
1852 1 0 1006.100390625
1852 2 0 1010.88015625
1852 3 0 1020.699921875
1852 4 0 1019.95203125
1852 5 0 1013.777421875
1852 6 0 1008.99625
1852 7 0 1019.208359375
1852 8 0 1013.73
1852 9 0 1016.829921875
1852 10 0 1013.151328125
1852 11 0 1005.413203125
1852 12 0 1005.728046875
1853 1 0 1004.66921875
1853 2 0 1000.7328125
1853 3 0 1013.8665625
1853 4 0 1009.120234375
1853 5 0 1014.79765625
1853 6 0 1012.95765625
1853 7 0 1014.426015625
1853 8 0 1016.994453125
1853 9 0 1018.09609375
1853 10 0 1011.1278125
1853 11 0 1021.605
1853 12 0 1013.852265625
1854 1 0 1007.491171875
1854 2 0 1014.90015625
1854 3 0 1024.46421875
1854 4 0 1018.87140625
1854 5 0 1011.03953125
1854 6 0 1013.475859375
1854 7 0 1016.433359375
1854 8 0 1019.23109375
1854 9 0 1024.589140625
1854 10 0 1014.410859375
1854 11 0 1008.428984375
1854 12 0 1004.41109375
1855 1 0 1017.072109375
1855 2 0 1006.561640625
1855 3 0 1004.87390625
1855 4 0 1016.233203125
1855 5 0 1010.7403125
1855 6 0 1017.39828125
1855 7 0 1014.71828125
1855 8 0 1019.1034375
1855 9 0 1024.229453125
1855 10 0 1006.298671875
1855 11 0 1018.0709375
1855 12 0 1010.84375
1856 1 0 1001.32921875
1856 2 0 1014.486640625
1856 3 0 1022.234921875
1856 4 0 1008.7690625
1856 5 0 1009.3240625
1856 6 0 1017.184765625
1856 7 0 1016.955390625
1856 8 0 1015.7934375
1856 9 0 1013.568125
1856 10 0 1025.42734375
1856 11 0 1014.5546875
1856 12 0 1005.6290625
1857 1 0 1006.0515625
1857 2 0 1018.064140625
1857 3 0 1012.875703125
1857 4 0 1009.202421875
1857 5 0 1015.639765625
1857 6 0 1018.12140625
1857 7 0 1016.572265625
1857 8 0 1020.4265625
1857 9 0 1019.2434375
1857 10 0 1015.7490625
1857 11 0 1022.293359375
1857 12 0 1023.994765625
1858 1 0 1023.37125
1858 2 0 1017.026171875
1858 3 0 1010.22359375
1858 4 0 1014.303984375
1858 5 0 1012.94484375
1858 6 0 1019.7553125
1858 7 0 1013.906796875
1858 8 0 1018.459453125
1858 9 0 1021.4984375
1858 10 0 1017.654296875
1858 11 0 1014.07890625
1858 12 0 1012.08015625
1859 1 0 1018.12734375
1859 2 0 1010.77328125
1859 3 0 1010.1534375
1859 4 0 1006.42671875
1859 5 0 1014.9490625
1859 6 0 1014.349765625
1859 7 0 1020.4521875
1859 8 0 1019.44375
1859 9 0 1015.036953125
1859 10 0 1009.90703125
1859 11 0 1016.4
1859 12 0 1007.13375
1860 1 0 1003.981015625
1860 2 0 1009.59390625
1860 3 0 1007.24484375
1860 4 0 1012.667734375
1860 5 0 1012.266171875
1860 6 0 1010.2971875
1860 7 0 1017.285703125
1860 8 0 1010.222890625
1860 9 0 1017.631796875
1860 10 0 1017.779140625
1860 11 0 1013.529375
1860 12 0 1003.776171875
1861 1 0 1019.548046875
1861 2 0 1009.37421875
1861 3 0 1005.95421875
1861 4 0 1018.968046875
1861 5 0 1015.84140625
1861 6 0 1015.730390625
1861 7 0 1011.284609375
1861 8 0 1018.427109375
1861 9 0 1014.59484375
1861 10 0 1021.75890625
1861 11 0 1004.97484375
1861 12 0 1018.504296875
1862 1 0 1009.616875
1862 2 0 1016.151953125
1862 3 0 1006.23984375
1862 4 0 1015.025234375
1862 5 0 1013.899765625
1862 6 0 1011.33328125
1862 7 0 1013.5059375
1862 8 0 1017.814453125
1862 9 0 1021.631875
1862 10 0 1014.18609375
1862 11 0 1013.8925
1862 12 0 1012.901171875
1863 1 0 1005.458828125
1863 2 0 1022.19390625
1863 3 0 1010.16703125
1863 4 0 1014.536796875
1863 5 0 1016.096796875
1863 6 0 1013.316171875
1863 7 0 1020.549765625
1863 8 0 1016.159296875
1863 9 0 1014.34203125
1863 10 0 1013.878671875
1863 11 0 1017.140078125
1863 12 0 1013.777734375
1864 1 0 1022.55375
1864 2 0 1010.6878125
1864 3 0 1004.66859375
1864 4 0 1018.454453125
1864 5 0 1014.933125
1864 6 0 1014.0346875
1864 7 0 1017.59578125
1864 8 0 1019.288203125
1864 9 0 1017.566953125
1864 10 0 1014.436484375
1864 11 0 1010.558828125
1864 12 0 1017.434296875
1865 1 0 998.773046875
1865 2 0 1009.596953125
1865 3 0 1009.898125
1865 4 0 1020.896796875
1865 5 0 1015.139921875
1865 6 0 1022.175625
1865 7 0 1015.59046875
1865 8 0 1014.9846875
1865 9 0 1028.58125
1865 10 0 1006.2196875
1865 11 0 1013.05609375
1865 12 0 1022.631640625
1866 1 0 1008.48328125
1866 2 0 1002.717421875
1866 3 0 1006.23046875
1866 4 0 1013.35578125
1866 5 0 1015.061796875
1866 6 0 1015.94234375
1866 7 0 1013.882734375
1866 8 0 1011.735703125
1866 9 0 1011.84703125
1866 10 0 1023.7646875
1866 11 0 1010.127578125
1866 12 0 1010.72515625
1867 1 0 1001.6109375
1867 2 0 1013.89203125
1867 3 0 1009.59828125
1867 4 0 1005.66984375
1867 5 0 1014.808125
1867 6 0 1017.903203125
1867 7 0 1013.25296875
1867 8 0 1019.388359375
1867 9 0 1020.64296875
1867 10 0 1014.31703125
1867 11 0 1020.722265625
1867 12 0 1010.644375
1868 1 0 1009.54265625
1868 2 0 1014.226171875
1868 3 0 1011.57921875
1868 4 0 1012.4821875
1868 5 0 1016.950625
1868 6 0 1020.63984375
1868 7 0 1019.286953125
1868 8 0 1015.9271875
1868 9 0 1016.528828125
1868 10 0 1015.931953125
1868 11 0 1014.351015625
1868 12 0 1000.817890625
1869 1 0 1017.475859375
1869 2 0 1010.616796875
1869 3 0 1006.759140625
1869 4 0 1014.502109375
1869 5 0 1009.9340625
1869 6 0 1017.528515625
1869 7 0 1019.92875
1869 8 0 1021.5428125
1869 9 0 1013.814765625
1869 10 0 1016.43125
1869 11 0 1008.617265625
1869 12 0 1007.258125
1870 1 0 1013.3234375
1870 2 0 1011.4746875
1870 3 0 1015.5459375
1870 4 0 1020.109140625
1870 5 0 1017.021484375
1870 6 0 1018.593828125
1870 7 0 1016.663359375
1870 8 0 1014.804453125
1870 9 0 1022.05921875
1870 10 0 1009.336171875
1870 11 0 1008.384921875
1870 12 0 1009.652578125
1871 1 0 1008.507890625
1871 2 0 1015.0421875
1871 3 0 1017.417890625
1871 4 0 1008.6653125
1871 5 0 1016.881015625
1871 6 0 1012.975390625
1871 7 0 1011.873125
1871 8 0 1020.3796875
1871 9 0 1017.048203125
1871 10 0 1018.71234375
1871 11 0 1014.251015625
1871 12 0 1015.60578125
1872 1 0 1003.426953125
1872 2 0 1011.729296875
1872 3 0 1010.66796875
1872 4 0 1011.16984375
1872 5 0 1012.19234375
1872 6 0 1014.397109375
1872 7 0 1015.285078125
1872 8 0 1017.99765625
1872 9 0 1013.19625
1872 10 0 1010.908203125
1872 11 0 1006.292734375
1872 12 0 1001.586953125
1873 1 0 1005.6065625
1873 2 0 1014.980078125
1873 3 0 1011.882734375
1873 4 0 1013.065234375
1873 5 0 1012.442578125
1873 6 0 1015.248671875
1873 7 0 1016.01171875
1873 8 0 1016.83796875
1873 9 0 1016.99609375
1873 10 0 1012.68828125
1873 11 0 1010.69734375
1873 12 0 1019.046875
1874 1 0 1012.498515625
1874 2 0 1015.142578125
1874 3 0 1018.841484375
1874 4 0 1010.696796875
1874 5 0 1013.086875
1874 6 0 1018.857109375
1874 7 0 1017.184140625
1874 8 0 1016.3459375
1874 9 0 1017.35765625
1874 10 0 1015.3140625
1874 11 0 1012.163203125
1874 12 0 1004.24578125
1875 1 0 1010.49953125
1875 2 0 1016.293671875
1875 3 0 1019.476796875
1875 4 0 1015.907734375
1875 5 0 1014.886875
1875 6 0 1014.382578125
1875 7 0 1015.82234375
1875 8 0 1019.76296875
1875 9 0 1021.791875
1875 10 0 1012.80515625
1875 11 0 1008.476484375
1875 12 0 1016.16640625
1876 1 0 1022.32734375
1876 2 0 1006.547734375
1876 3 0 998.561640625
1876 4 0 1011.032578125
1876 5 0 1018.649140625
1876 6 0 1016.05171875
1876 7 0 1018.495546875
1876 8 0 1017.605859375
1876 9 0 1011.8246875
1876 10 0 1017.82140625
1876 11 0 1013.405703125
1876 12 0 1001.431484375
1877 1 0 1008.695859375
1877 2 0 1006.55046875
1877 3 0 1005.59
1877 4 0 1008.7309375
1877 5 0 1011.374765625
1877 6 0 1017.645859375
1877 7 0 1013.967421875
1877 8 0 1014.761875
1877 9 0 1019.80453125
1877 10 0 1017.236328125
1877 11 0 1005.25984375
1877 12 0 1013.636171875
1878 1 0 1014.709609375
1878 2 0 1021.14328125
1878 3 0 1012.075546875
1878 4 0 1011.21109375
1878 5 0 1009.744609375
1878 6 0 1015.39203125
1878 7 0 1016.737265625
1878 8 0 1012.234296875
1878 9 0 1017.40671875
1878 10 0 1011.6003125
1878 11 0 1005.666953125
1878 12 0 1002.752109375
1879 1 0 1014.220546875
1879 2 0 998.516953125
1879 3 0 1016.28203125
1879 4 0 1005.151953125
1879 5 0 1015.03328125
1879 6 0 1010.6528125
1879 7 0 1010.348515625
1879 8 0 1013.743515625
1879 9 0 1018.4234375
1879 10 0 1019.51625
1879 11 0 1019.566953125
1879 12 0 1024.02625
1880 1 0 1024.405703125
1880 2 0 1008.140625
1880 3 0 1020.675625
1880 4 0 1010.870390625
1880 5 0 1017.2071875
1880 6 0 1013.250234375
1880 7 0 1013.62578125
1880 8 0 1019.245546875
1880 9 0 1019.65328125
1880 10 0 1013.145078125
1880 11 0 1012.827578125
1880 12 0 1008.099921875
1881 1 0 1009.11203125
1881 2 0 1009.177109375
1881 3 0 1012.280625
1881 4 0 1015.030703125
1881 5 0 1018.9821875
1881 6 0 1014.914609375
1881 7 0 1015.849140625
1881 8 0 1012.49078125
1881 9 0 1018.941015625
1881 10 0 1017.73203125
1881 11 0 1014.03640625
1881 12 0 1015.2965625
1882 1 0 1023.6303125
1882 2 0 1019.5890625
1882 3 0 1014.309296875
1882 4 0 1009.26796875
1882 5 0 1016.81125
1882 6 0 1012.71359375
1882 7 0 1012.78484375
1882 8 0 1014.47671875
1882 9 0 1015.151796875
1882 10 0 1014.884921875
1882 11 0 1003.829765625
1882 12 0 1005.992421875
1883 1 0 1011.342734375
1883 2 0 1017.264765625
1883 3 0 1012.09546875
1883 4 0 1016.356328125
1883 5 0 1013.152421875
1883 6 0 1016.1621875
1883 7 0 1010.65578125
1883 8 0 1017.5471875
1883 9 0 1013.6071875
1883 10 0 1015.57046875
1883 11 0 1008.971484375
1883 12 0 1014.691640625
1884 1 0 1013.04234375
1884 2 0 1013.99015625
1884 3 0 1015.941953125
1884 4 0 1009.836171875
1884 5 0 1014.600703125
1884 6 0 1015.84
1884 7 0 1015.51734375
1884 8 0 1020.62609375
1884 9 0 1021.308984375
1884 10 0 1017.223828125
1884 11 0 1019.32390625
1884 12 0 1008.603515625
1885 1 0 1011.475
1885 2 0 1004.813203125
1885 3 0 1015.898359375
1885 4 0 1008.70109375
1885 5 0 1007.968046875
1885 6 0 1016.516328125
1885 7 0 1021.81046875
1885 8 0 1016.38484375
1885 9 0 1015.211953125
1885 10 0 1006.885
1885 11 0 1013.020234375
1885 12 0 1017.762578125
1886 1 0 1000.69703125
1886 2 0 1017.983359375
1886 3 0 1016.903359375
1886 4 0 1013.317109375
1886 5 0 1013.709375
1886 6 0 1013.483984375
1886 7 0 1014.10671875
1886 8 0 1018.596875
1886 9 0 1021.69984375
1886 10 0 1015.479453125
1886 11 0 1011.0628125
1886 12 0 1001.30171875
1887 1 0 1014.98515625
1887 2 0 1023.9540625
1887 3 0 1017.713125
1887 4 0 1014.47015625
1887 5 0 1013.501953125
1887 6 0 1021.13453125
1887 7 0 1017.588125
1887 8 0 1018.396796875
1887 9 0 1016.81453125
1887 10 0 1017.312265625
1887 11 0 1006.1075
1887 12 0 1007.5125
1888 1 0 1019.3378125
1888 2 0 1010.510625
1888 3 0 1004.22703125
1888 4 0 1010.9640625
1888 5 0 1016.241171875
1888 6 0 1014.911171875
1888 7 0 1008.65875
1888 8 0 1018.62875
1888 9 0 1025.08203125
1888 10 0 1017.459765625
1888 11 0 1009.816796875
1888 12 0 1016.043125
1889 1 0 1017.75359375
1889 2 0 1005.03265625
1889 3 0 1014.03703125
1889 4 0 1006.742734375
1889 5 0 1011.356484375
1889 6 0 1016.6703125
1889 7 0 1012.946171875
1889 8 0 1013.98625
1889 9 0 1018.78046875
1889 10 0 1010.3453125
1889 11 0 1020.624296875
1889 12 0 1021.338359375
1890 1 0 1009.1871875
1890 2 0 1022.55640625
1890 3 0 1009.87328125
1890 4 0 1008.767109375
1890 5 0 1010.4878125
1890 6 0 1015.1834375
1890 7 0 1011.724921875
1890 8 0 1014.341171875
1890 9 0 1025.6665625
1890 10 0 1017.7559375
1890 11 0 1009.505625
1890 12 0 1018.405703125
1891 1 0 1015.50453125
1891 2 0 1028.25578125
1891 3 0 1007.706796875
1891 4 0 1015.153359375
1891 5 0 1008.04875
1891 6 0 1017.759296875
1891 7 0 1014.8075
1891 8 0 1012.85296875
1891 9 0 1020.86796875
1891 10 0 1013.429453125
1891 11 0 1011.68671875
1891 12 0 1013.076953125
1892 1 0 1006.2271875
1892 2 0 1005.909140625
1892 3 0 1016.988203125
1892 4 0 1014.765078125
1892 5 0 1014.433125
1892 6 0 1014.89734375
1892 7 0 1016.7540625
1892 8 0 1016.22171875
1892 9 0 1019.59546875
1892 10 0 1009.3625
1892 11 0 1018.23953125
1892 12 0 1011.60953125
1893 1 0 1013.202265625
1893 2 0 1003.883046875
1893 3 0 1019.187109375
1893 4 0 1020.97203125
1893 5 0 1017.83125
1893 6 0 1016.230234375
1893 7 0 1013.454140625
1893 8 0 1019.7384375
1893 9 0 1013.7178125
1893 10 0 1013.27640625
1893 11 0 1012.04890625
1893 12 0 1013.580625
1894 1 0 1009.5653125
1894 2 0 1012.66078125
1894 3 0 1014.8596875
1894 4 0 1014.057421875
1894 5 0 1013.090625
1894 6 0 1015.382109375
1894 7 0 1013.604453125
1894 8 0 1015.491015625
1894 9 0 1022.636015625
1894 10 0 1015.32875
1894 11 0 1015.259609375
1894 12 0 1012.3596875
1895 1 0 1001.56109375
1895 2 0 1014.94265625
1895 3 0 1006.314140625
1895 4 0 1011.9334375
1895 5 0 1018.74328125
1895 6 0 1017.81359375
1895 7 0 1012.565390625
1895 8 0 1016.209140625
1895 9 0 1025.04
1895 10 0 1011.24078125
1895 11 0 1014.278203125
1895 12 0 1006.415234375
1896 1 0 1022.105859375
1896 2 0 1023.881171875
1896 3 0 1007.830625
1896 4 0 1017.669140625
1896 5 0 1020.5140625
1896 6 0 1014.290625
1896 7 0 1017.683359375
1896 8 0 1018.428125
1896 9 0 1012.691484375
1896 10 0 1009.867265625
1896 11 0 1018.523671875
1896 12 0 1008.8575
1897 1 0 1009.553359375
1897 2 0 1015.798515625
1897 3 0 1005.73640625
1897 4 0 1011.02328125
1897 5 0 1012.245703125
1897 6 0 1017.079765625
1897 7 0 1016.21796875
1897 8 0 1014.5421875
1897 9 0 1017.29578125
1897 10 0 1024.81421875
1897 11 0 1021.305859375
1897 12 0 1013.345
1898 1 0 1020.94859375
1898 2 0 1007.411015625
1898 3 0 1009.713984375
1898 4 0 1013.588203125
1898 5 0 1009.605390625
1898 6 0 1015.16046875
1898 7 0 1017.5946875
1898 8 0 1019.993359375
1898 9 0 1023.208203125
1898 10 0 1015.81859375
1898 11 0 1011.4221875
1898 12 0 1013.762265625
1899 1 0 1005.579765625
1899 2 0 1011.28703125
1899 3 0 1016.704140625
1899 4 0 1008.562109375
1899 5 0 1015.7684375
1899 6 0 1018.223203125
1899 7 0 1019.18296875
1899 8 0 1022.83671875
1899 9 0 1012.81140625
1899 10 0 1020.8475
1899 11 0 1019.4084375
1899 12 0 1012.590859375
1900 1 0 1008.465390625
1900 2 0 1000.439140625
1900 3 0 1014.204765625
1900 4 0 1013.851875
1900 5 0 1013.89359375
1900 6 0 1013.966171875
1900 7 0 1016.438359375
1900 8 0 1018.2284375
1900 9 0 1023.92359375
1900 10 0 1015.58828125
1900 11 0 1008.294609375
1900 12 0 1011.21890625
1901 1 0 1014.9321875
1901 2 0 1012.9034375
1901 3 0 1007.649296875
1901 4 0 1012.238203125
1901 5 0 1019.02609375
1901 6 0 1017.018671875
1901 7 0 1018.365703125
1901 8 0 1019.848828125
1901 9 0 1018.940703125
1901 10 0 1015.299453125
1901 11 0 1016.53984375
1901 12 0 1001.70125
1902 1 0 1013.16
1902 2 0 1010.15953125
1902 3 0 1009.151875
1902 4 0 1015.865
1902 5 0 1011.11625
1902 6 0 1014.189140625
1902 7 0 1015.413359375
1902 8 0 1015.82703125
1902 9 0 1021.70578125
1902 10 0 1017.64734375
1902 11 0 1015.122734375
1902 12 0 1015.987109375
1903 1 0 1013.30703125
1903 2 0 1014.4309375
1903 3 0 1011.263671875
1903 4 0 1007.84921875
1903 5 0 1012.734765625
1903 6 0 1017.6153125
1903 7 0 1014.049140625
1903 8 0 1013.471484375
1903 9 0 1021.943046875
1903 10 0 1007.887421875
1903 11 0 1014.08125
1903 12 0 1008.95328125
1904 1 0 1011.59703125
1904 2 0 1000.393125
1904 3 0 1015.694375
1904 4 0 1012.1625
1904 5 0 1014.119453125
1904 6 0 1017.0834375
1904 7 0 1018.6796875
1904 8 0 1018.29125
1904 9 0 1023.452734375
1904 10 0 1020.281328125
1904 11 0 1014.065625
1904 12 0 1010.2384375
1905 1 0 1019.527578125
1905 2 0 1015.813203125
1905 3 0 1007.517734375
1905 4 0 1009.69484375
1905 5 0 1018.323203125
1905 6 0 1015.1615625
1905 7 0 1017.604375
1905 8 0 1015.822890625
1905 9 0 1017.890703125
1905 10 0 1015.14234375
1905 11 0 1006.536875
1905 12 0 1020.898359375
1906 1 0 1010.1496875
1906 2 0 1003.69265625
1906 3 0 1011.146640625
1906 4 0 1018.40953125
1906 5 0 1010.119921875
1906 6 0 1018.562265625
1906 7 0 1017.635703125
1906 8 0 1018.073828125
1906 9 0 1025.65421875
1906 10 0 1015.8715625
1906 11 0 1010.960703125
1906 12 0 1009.192734375
1907 1 0 1019.687890625
1907 2 0 1010.260703125
1907 3 0 1018.627421875
1907 4 0 1008.6925
1907 5 0 1012.320625
1907 6 0 1011.692421875
1907 7 0 1016.324765625
1907 8 0 1016.75609375
1907 9 0 1024.57546875
1907 10 0 1010.5759375
1907 11 0 1016.56609375
1907 12 0 1008.043671875
1908 1 0 1016.282890625
1908 2 0 1010.908203125
1908 3 0 1012.13390625
1908 4 0 1012.041171875
1908 5 0 1015.691796875
1908 6 0 1018.201171875
1908 7 0 1016.548671875
1908 8 0 1016.530234375
1908 9 0 1019.085390625
1908 10 0 1026.23953125
1908 11 0 1016.48046875
1908 12 0 1013.22796875
1909 1 0 1015.47359375
1909 2 0 1016.40453125
1909 3 0 1001.549921875
1909 4 0 1015.12078125
1909 5 0 1019.01265625
1909 6 0 1014.08
1909 7 0 1012.29203125
1909 8 0 1017.703671875
1909 9 0 1019.65140625
1909 10 0 1012.69421875
1909 11 0 1012.066640625
1909 12 0 1002.865859375
1910 1 0 1004.53765625
1910 2 0 1002.12703125
1910 3 0 1019.4359375
1910 4 0 1009.220703125
1910 5 0 1010.902578125
1910 6 0 1012.695234375
1910 7 0 1011.8403125
1910 8 0 1015.7946875
1910 9 0 1023.806484375
1910 10 0 1021.012890625
1910 11 0 1001.304375
1910 12 0 1004.9309375
1911 1 0 1020.6796875
1911 2 0 1015.63671875
1911 3 0 1012.147421875
1911 4 0 1014.319140625
1911 5 0 1015.428515625
1911 6 0 1015.8609375
1911 7 0 1022.0378125
1911 8 0 1019.60890625
1911 9 0 1020.14828125
1911 10 0 1015.25078125
1911 11 0 1006.538046875
1911 12 0 1007.492734375
1912 1 0 1012.075859375
1912 2 0 1004.402421875
1912 3 0 1005.99078125
1912 4 0 1019.043125
1912 5 0 1013.90140625
1912 6 0 1010.874453125
1912 7 0 1016.415390625
1912 8 0 1010.46296875
1912 9 0 1022.59140625
1912 10 0 1016.1803125
1912 11 0 1010.718359375
1912 12 0 1010.157578125
1913 1 0 1009.239375
1913 2 0 1018.867734375
1913 3 0 1010.874140625
1913 4 0 1011.234765625
1913 5 0 1012.825859375
1913 6 0 1017.28203125
1913 7 0 1016.0765625
1913 8 0 1019.9653125
1913 9 0 1020.813984375
1913 10 0 1015.757109375
1913 11 0 1009.802265625
1913 12 0 1012.27984375
1914 1 0 1015.533359375
1914 2 0 1007.236015625
1914 3 0 1001.68734375
1914 4 0 1018.46375
1914 5 0 1016.93828125
1914 6 0 1016.6065625
1914 7 0 1012.906953125
1914 8 0 1020.464296875
1914 9 0 1019.45171875
1914 10 0 1018.913828125
1914 11 0 1009.72484375
1914 12 0 1002.298515625
1915 1 0 997.43828125
1915 2 0 1002.542890625
1915 3 0 1011.339375
1915 4 0 1015.482421875
1915 5 0 1016.51875
1915 6 0 1018.22875
1915 7 0 1012.116484375
1915 8 0 1017.0390625
1915 9 0 1019.6678125
1915 10 0 1021.070703125
1915 11 0 1010.559140625
1915 12 0 1002.187265625
1916 1 0 1014.5259375
1916 2 0 1005.59390625
1916 3 0 1003.654453125
1916 4 0 1011.31421875
1916 5 0 1012.454296875
1916 6 0 1011.59328125
1916 7 0 1016.978125
1916 8 0 1015.627109375
1916 9 0 1019.613671875
1916 10 0 1013.835859375
1916 11 0 1009.026875
1916 12 0 1000.9765625
1917 1 0 1008.822109375
1917 2 0 1017.690859375
1917 3 0 1008.426328125
1917 4 0 1010.663359375
1917 5 0 1017.1971875
1917 6 0 1018.2646875
1917 7 0 1018.886953125
1917 8 0 1011.289921875
1917 9 0 1020.4178125
1917 10 0 1008.08078125
1917 11 0 1014.329375
1917 12 0 1016.993828125
1918 1 0 1009.51234375
1918 2 0 1018.657265625
1918 3 0 1018.167890625
1918 4 0 1013.16421875
1918 5 0 1018.75625
1918 6 0 1016.46015625
1918 7 0 1014.29
1918 8 0 1017.428125
1918 9 0 1009.437734375
1918 10 0 1017.09859375
1918 11 0 1017.361328125
1918 12 0 1006.94734375
1919 1 0 1007.267890625
1919 2 0 1007.22953125
1919 3 0 1006.879765625
1919 4 0 1011.299140625
1919 5 0 1019.288359375
1919 6 0 1017.902109375
1919 7 0 1015.951875
1919 8 0 1017.4084375
1919 9 0 1019.16234375
1919 10 0 1020.719765625
1919 11 0 1006.473359375
1919 12 0 1006.28609375
1920 1 0 1007.668984375
1920 2 0 1020.143203125
1920 3 0 1012.393515625
1920 4 0 1005.066328125
1920 5 0 1016.941640625
1920 6 0 1017.19984375
1920 7 0 1014.217578125
1920 8 0 1019.906640625
1920 9 0 1020.634296875
1920 10 0 1021.0071875
1920 11 0 1020.299296875
1920 12 0 1015.27125
1921 1 0 1008.1471875
1921 2 0 1022.2115625
1921 3 0 1015.293828125
1921 4 0 1017.5065625
1921 5 0 1014.07046875
1921 6 0 1018.77015625
1921 7 0 1018.57875
1921 8 0 1015.753984375
1921 9 0 1023.061640625
1921 10 0 1021.620234375
1921 11 0 1018.2175
1921 12 0 1013.05671875
1922 1 0 1006.6328125
1922 2 0 1011.65421875
1922 3 0 1008.915078125
1922 4 0 1005.7959375
1922 5 0 1017.782109375
1922 6 0 1014.499453125
1922 7 0 1013.12765625
1922 8 0 1016.267421875
1922 9 0 1017.291328125
1922 10 0 1020.004453125
1922 11 0 1017.2325
1922 12 0 1008.096484375
1923 1 0 1013.822421875
1923 2 0 1004.376484375
1923 3 0 1017.57375
1923 4 0 1008.48484375
1923 5 0 1011.39515625
1923 6 0 1015.90140625
1923 7 0 1016.817109375
1923 8 0 1015.58984375
1923 9 0 1017.814765625
1923 10 0 1006.893671875
1923 11 0 1005.204453125
1923 12 0 1010.793984375
1924 1 0 1013.1196875
1924 2 0 1011.7721875
1924 3 0 1010.2946875
1924 4 0 1009.717265625
1924 5 0 1011.92421875
1924 6 0 1016.02984375
1924 7 0 1013.059609375
1924 8 0 1013.323828125
1924 9 0 1013.83140625
1924 10 0 1015.165546875
1924 11 0 1018.21953125
1924 12 0 1014.19875
1925 1 0 1019.96109375
1925 2 0 1003.679375
1925 3 0 1015.706640625
1925 4 0 1010.29859375
1925 5 0 1010.32078125
1925 6 0 1017.418125
1925 7 0 1015.627265625
1925 8 0 1016.995078125
1925 9 0 1015.7028125
1925 10 0 1014.55515625
1925 11 0 1011.9546875
1925 12 0 1004.24375
1926 1 0 1009.69265625
1926 2 0 1010.48640625
1926 3 0 1014.033046875
1926 4 0 1011.551015625
1926 5 0 1010.2153125
1926 6 0 1012.697421875
1926 7 0 1016.1253125
1926 8 0 1020.455546875
1926 9 0 1021.70515625
1926 10 0 1012.32609375
1926 11 0 1005.075078125
1926 12 0 1018.727109375
1927 1 0 1004.941015625
1927 2 0 1016.564140625
1927 3 0 1006.290625
1927 4 0 1008.8346875
1927 5 0 1015.39125
1927 6 0 1011.89984375
1927 7 0 1013.250078125
1927 8 0 1014.729609375
1927 9 0 1012.01640625
1927 10 0 1017.4340625
1927 11 0 1013.827265625
1927 12 0 1012.405859375
1928 1 0 1008.811875
1928 2 0 1015.68703125
1928 3 0 1012.663984375
1928 4 0 1009.429609375
1928 5 0 1011.4275
1928 6 0 1013.219921875
1928 7 0 1017.520390625
1928 8 0 1016.161328125
1928 9 0 1023.174453125
1928 10 0 1012.7140625
1928 11 0 1004.59125
1928 12 0 1013.881328125
1929 1 0 1021.11109375
1929 2 0 1019.29828125
1929 3 0 1023.82609375
1929 4 0 1013.230625
1929 5 0 1014.809765625
1929 6 0 1015.01859375
1929 7 0 1017.050234375
1929 8 0 1018.32328125
1929 9 0 1022.8121875
1929 10 0 1009.159375
1929 11 0 1006.821875
1929 12 0 1004.835234375
1930 1 0 1006.294921875
1930 2 0 1018.213359375
1930 3 0 1008.962421875
1930 4 0 1008.351640625
1930 5 0 1012.623359375
1930 6 0 1017.54671875
1930 7 0 1010.68734375
1930 8 0 1016.08859375
1930 9 0 1017.207734375
1930 10 0 1010.89046875
1930 11 0 1007.67578125
1930 12 0 1011.369140625
1931 1 0 1005.586640625
1931 2 0 1008.148984375
1931 3 0 1013.3165625
1931 4 0 1009.803359375
1931 5 0 1011.78015625
1931 6 0 1016.57328125
1931 7 0 1010.45125
1931 8 0 1014.22296875
1931 9 0 1022.338515625
1931 10 0 1019.232421875
1931 11 0 1012.001796875
1931 12 0 1019.255078125
1932 1 0 1018.30421875
1932 2 0 1026.2475
1932 3 0 1013.6953125
1932 4 0 1005.368671875
1932 5 0 1009.988125
1932 6 0 1017.551953125
1932 7 0 1012.6903125
1932 8 0 1021.6859375
1932 9 0 1014.359140625
1932 10 0 1004.910078125
1932 11 0 1016.809765625
1932 12 0 1018.986953125
1933 1 0 1016.918125
1933 2 0 1012.308203125
1933 3 0 1012.883046875
1933 4 0 1016.88328125
1933 5 0 1013.09953125
1933 6 0 1011.166328125
1933 7 0 1017.6403125
1933 8 0 1019.781796875
1933 9 0 1022.28390625
1933 10 0 1013.368203125
1933 11 0 1011.8103125
1933 12 0 1019.012890625
1934 1 0 1015.10109375
1934 2 0 1022.889375
1934 3 0 1004.379609375
1934 4 0 1008.88359375
1934 5 0 1016.58796875
1934 6 0 1017.473359375
1934 7 0 1016.3915625
1934 8 0 1015.4890625
1934 9 0 1020.359453125
1934 10 0 1013.359765625
1934 11 0 1015.466171875
1934 12 0 1004.660859375
1935 1 0 1015.9540625
1935 2 0 1001.702265625
1935 3 0 1019.721875
1935 4 0 1007.93578125
1935 5 0 1017.609296875
1935 6 0 1013.942265625
1935 7 0 1018.631171875
1935 8 0 1019.5253125
1935 9 0 1013.867578125
1935 10 0 1009.21046875
1935 11 0 1007.705859375
1935 12 0 1002.065
1936 1 0 996.400078125
1936 2 0 1005.335859375
1936 3 0 1011.69515625
1936 4 0 1010.906328125
1936 5 0 1015.498359375
1936 6 0 1016.287578125
1936 7 0 1011.40484375
1936 8 0 1021.30796875
1936 9 0 1020.984765625
1936 10 0 1015.621484375
1936 11 0 1012.307421875
1936 12 0 1015.3759375
1937 1 0 1008.8478125
1937 2 0 999.282890625
1937 3 0 1002.367265625
1937 4 0 1009.967109375
1937 5 0 1015.77359375
1937 6 0 1016.254453125
1937 7 0 1015.702109375
1937 8 0 1020.99484375
1937 9 0 1016.06734375
1937 10 0 1018.22859375
1937 11 0 1015.00671875
1937 12 0 1009.11078125
1938 1 0 1004.68875
1938 2 0 1020.312734375
1938 3 0 1020.024296875
1938 4 0 1020.67
1938 5 0 1013.28453125
1938 6 0 1015.7878125
1938 7 0 1015.68421875
1938 8 0 1017.334140625
1938 9 0 1019.95921875
1938 10 0 1012.131171875
1938 11 0 1010.000859375
1938 12 0 1011.300234375
1939 1 0 1000.6896875
1939 2 0 1014.922265625
1939 3 0 1012.066484375
1939 4 0 1012.102890625
1939 5 0 1016.296875
1939 6 0 1015.7903125
1939 7 0 1012.29859375
1939 8 0 1020.273671875
1939 9 0 1021.855703125
1939 10 0 1013.53953125
1939 11 0 1010.148203125
1939 12 0 1014.034140625
1940 1 0 1015.805546875
1940 2 0 1012.15453125
1940 3 0 1008.8921875
1940 4 0 1012.98609375
1940 5 0 1016.258515625
1940 6 0 1019.02265625
1940 7 0 1013.27703125
1940 8 0 1020.918984375
1940 9 0 1017.3575
1940 10 0 1015.01296875
1940 11 0 1006.66125
1940 12 0 1016.076015625
1941 1 0 1009.214375
1941 2 0 1000.620390625
1941 3 0 1010.909765625
1941 4 0 1014.248984375
1941 5 0 1012.927421875
1941 6 0 1017.962734375
1941 7 0 1015.9784375
1941 8 0 1011.89234375
1941 9 0 1027.06359375
1941 10 0 1017.940703125
1941 11 0 1016.4290625
1941 12 0 1017.721953125
1942 1 0 1013.1184375
1942 2 0 1015.1875
1942 3 0 1014.202265625
1942 4 0 1014.594140625
1942 5 0 1012.09390625
1942 6 0 1018.272265625
1942 7 0 1014.713125
1942 8 0 1017.92015625
1942 9 0 1017.152109375
1942 10 0 1012.68203125
1942 11 0 1019.611484375
1942 12 0 1012.0878125
1943 1 0 1005.309140625
1943 2 0 1016.073515625
1943 3 0 1017.978828125
1943 4 0 1014.9525
1943 5 0 1016.553203125
1943 6 0 1017.955078125
1943 7 0 1015.507890625
1943 8 0 1014.60703125
1943 9 0 1019.499921875
1943 10 0 1017.096171875
1943 11 0 1011.971640625
1943 12 0 1019.134765625
1944 1 0 1014.27140625
1944 2 0 1013.506640625
1944 3 0 1013.243828125
1944 4 0 1015.086015625
1944 5 0 1017.387109375
1944 6 0 1012.092109375
1944 7 0 1014.21734375
1944 8 0 1019.82203125
1944 9 0 1019.7259375
1944 10 0 1010.57515625
1944 11 0 1006.57609375
1944 12 0 1012.294609375
1945 1 0 1009.071796875
1945 2 0 1016.051953125
1945 3 0 1021.258828125
1945 4 0 1014.979609375
1945 5 0 1010.815703125
1945 6 0 1016.5046875
1945 7 0 1016.50796875
1945 8 0 1014.12640625
1945 9 0 1021.1925
1945 10 0 1018.243984375
1945 11 0 1017.5525
1945 12 0 1007.00890625
1946 1 0 1018.4834375
1946 2 0 1008.5434375
1946 3 0 1014.266796875
1946 4 0 1015.89234375
1946 5 0 1013.606015625
1946 6 0 1013.448203125
1946 7 0 1017.0165625
1946 8 0 1014.12203125
1946 9 0 1015.944375
1946 10 0 1019.5165625
1946 11 0 1008.602890625
1946 12 0 1014.270546875
1947 1 0 1016.227890625
1947 2 0 1009.185
1947 3 0 1001.909375
1947 4 0 1014.82734375
1947 5 0 1017.228359375
1947 6 0 1015.596953125
1947 7 0 1015.468046875
1947 8 0 1023.011640625
1947 9 0 1020.1121875
1947 10 0 1023.12359375
1947 11 0 1008.751328125
1947 12 0 1009.7271875
1948 1 0 996.223125
1948 2 0 1018.726640625
1948 3 0 1024.719609375
1948 4 0 1010.89953125
1948 5 0 1014.3459375
1948 6 0 1012.3775
1948 7 0 1015.890078125
1948 8 0 1014.83234375
1948 9 0 1018.308828125
1948 10 0 1016.876328125
1948 11 0 1020.533828125
1948 12 0 1017.51
1949 1 0 1016.205703125
1949 2 0 1021.8490625
1949 3 0 1017.876875
1949 4 0 1012.4025
1949 5 0 1013.407734375
1949 6 0 1018.841875
1949 7 0 1019.0140625
1949 8 0 1021.33109375
1949 9 0 1022.934609375
1949 10 0 1016.7484375
1949 11 0 1006.706328125
1949 12 0 1007.43453125
1950 1 0 1018.53734375
1950 2 0 1002.671953125
1950 3 0 1016.214921875
1950 4 0 1004.665390625
1950 5 0 1016.17625
1950 6 0 1015.993984375
1950 7 0 1014.04765625
1950 8 0 1015.4153125
1950 9 0 1012.48390625
1950 10 0 1017.63453125
1950 11 0 1005.408671875
1950 12 0 1005.363828125
1951 1 0 1004.609921875
1951 2 0 1000.639296875
1951 3 0 1004.5834375
1951 4 0 1011.84546875
1951 5 0 1013.743828125
1951 6 0 1016.130703125
1951 7 0 1017.55
1951 8 0 1014.199140625
1951 9 0 1019.33828125
1951 10 0 1021.86609375
1951 11 0 1002.09703125
1951 12 0 1010.81109375
1952 1 0 1004.434609375
1952 2 0 1012.383203125
1952 3 0 1009.962578125
1952 4 0 1014.993359375
1952 5 0 1015.766484375
1952 6 0 1015.943046875
1952 7 0 1018.101171875
1952 8 0 1014.259921875
1952 9 0 1014.70578125
1952 10 0 1011.78484375
1952 11 0 1009.934921875
1952 12 0 1007.783359375
1953 1 0 1015.644453125
1953 2 0 1012.878125
1953 3 0 1026.596953125
1953 4 0 1011.726875
1953 5 0 1016.30640625
1953 6 0 1013.008125
1953 7 0 1011.820390625
1953 8 0 1018.327734375
1953 9 0 1018.35578125
1953 10 0 1019.445859375
1953 11 0 1019.0446875
1953 12 0 1019.79953125
1954 1 0 1014.36078125
1954 2 0 1009.358203125
1954 3 0 1007.559453125
1954 4 0 1020.515703125
1954 5 0 1015.4971875
1954 6 0 1013.715703125
1954 7 0 1010.54453125
1954 8 0 1012.8903125
1954 9 0 1014.706328125
1954 10 0 1013.2325
1954 11 0 1010.63140625
1954 12 0 1007.216484375
1955 1 0 1006.98421875
1955 2 0 1002.05703125
1955 3 0 1014.145390625
1955 4 0 1018.42609375
1955 5 0 1011.824921875
1955 6 0 1016.66125
1955 7 0 1019.474375
1955 8 0 1022.095859375
1955 9 0 1019.3403125
1955 10 0 1013.7578125
1955 11 0 1017.638515625
1955 12 0 1004.5925
1956 1 0 1007.519765625
1956 2 0 1020.3921875
1956 3 0 1014.66234375
1956 4 0 1011.68203125
1956 5 0 1019.1021875
1956 6 0 1016.804609375
1956 7 0 1014.18296875
1956 8 0 1011.493203125
1956 9 0 1019.925625
1956 10 0 1019.158671875
1956 11 0 1016.724375
1956 12 0 1015.36890625
1957 1 0 1015.875859375
1957 2 0 1003.35296875
1957 3 0 1011.660703125
1957 4 0 1019.863203125
1957 5 0 1015.615625
1957 6 0 1017.40375
1957 7 0 1013.052265625
1957 8 0 1015.169453125
1957 9 0 1015.421484375
1957 10 0 1016.77875
1957 11 0 1018.5553125
1957 12 0 1011.02359375
1958 1 0 1007.3496875
1958 2 0 1005.26515625
1958 3 0 1010.0925
1958 4 0 1014.253046875
1958 5 0 1012.98125
1958 6 0 1015.239765625
1958 7 0 1013.6646875
1958 8 0 1014.093515625
1958 9 0 1021.502421875
1958 10 0 1019.12734375
1958 11 0 1020.50625
1958 12 0 1001.663828125
1959 1 0 1006.526640625
1959 2 0 1029.840390625
1959 3 0 1014.254453125
1959 4 0 1007.751328125
1959 5 0 1018.65015625
1959 6 0 1019.5553125
1959 7 0 1017.4959375
1959 8 0 1020.9075
1959 9 0 1026.208828125
1959 10 0 1016.962421875
1959 11 0 1011.614609375
1959 12 0 1000.73453125
1960 1 0 1011.056015625
1960 2 0 1005.922890625
1960 3 0 1012.951328125
1960 4 0 1017.068203125
1960 5 0 1018.210859375
1960 6 0 1018.119609375
1960 7 0 1011.892734375
1960 8 0 1012.33078125
1960 9 0 1019.479375
1960 10 0 1006.74375
1960 11 0 1004.4209375
1960 12 0 1004.24640625
1961 1 0 1010.4971875
1961 2 0 1014.706328125
1961 3 0 1018.43796875
1961 4 0 1008.520625
1961 5 0 1013.8759375
1961 6 0 1015.943828125
1961 7 0 1013.79890625
1961 8 0 1017.076015625
1961 9 0 1019.67796875
1961 10 0 1011.988046875
1961 11 0 1011.20609375
1961 12 0 1009.32921875
1962 1 0 1008.30671875
1962 2 0 1016.033515625
1962 3 0 1008.15671875
1962 4 0 1012.111953125
1962 5 0 1011.559375
1962 6 0 1020.160859375
1962 7 0 1015.63390625
1962 8 0 1015.40875
1962 9 0 1017.979921875
1962 10 0 1020.4621875
1962 11 0 1012.024765625
1962 12 0 1012.031484375
1963 1 0 1020.322734375
1963 2 0 1009.707265625
1963 3 0 1009.394921875
1963 4 0 1011.093046875
1963 5 0 1014.7896875
1963 6 0 1013.64
1963 7 0 1018.073046875
1963 8 0 1010.156875
1963 9 0 1019.863828125
1963 10 0 1018.17640625
1963 11 0 1001.892109375
1963 12 0 1016.93234375
1964 1 0 1026.64015625
1964 2 0 1013.382734375
1964 3 0 1014.433828125
1964 4 0 1011.6459375
1964 5 0 1015.077734375
1964 6 0 1015.463828125
1964 7 0 1017.145859375
1964 8 0 1016.901875
1964 9 0 1020.714609375
1964 10 0 1015.939453125
1964 11 0 1015.614765625
1964 12 0 1009.350234375
1965 1 0 1004.88640625
1965 2 0 1021.000390625
1965 3 0 1012.22578125
1965 4 0 1009.17578125
1965 5 0 1013.110546875
1965 6 0 1015.125859375
1965 7 0 1011.000390625
1965 8 0 1016.46390625
1965 9 0 1013.97421875
1965 10 0 1021.84640625
1965 11 0 1007.44984375
1965 12 0 998.367421875
1966 1 0 1010.726015625
1966 2 0 1001.12796875
1966 3 0 1013.43328125
1966 4 0 1008.765703125
1966 5 0 1015.516328125
1966 6 0 1014.461171875
1966 7 0 1013.39984375
1966 8 0 1016.2009375
1966 9 0 1020.03125
1966 10 0 1009.494375
1966 11 0 1011.60421875
1966 12 0 1003.029140625
1967 1 0 1012.946328125
1967 2 0 1011.549765625
1967 3 0 1010.138828125
1967 4 0 1013.91953125
1967 5 0 1009.729140625
1967 6 0 1020.056953125
1967 7 0 1018.449453125
1967 8 0 1017.0709375
1967 9 0 1016.64265625
1967 10 0 1009.07421875
1967 11 0 1013.68484375
1967 12 0 1011.006796875
1968 1 0 1009.151171875
1968 2 0 1009.8828125
1968 3 0 1010.592265625
1968 4 0 1013.366875
1968 5 0 1013.4865625
1968 6 0 1015.79796875
1968 7 0 1019.34
1968 8 0 1017.025546875
1968 9 0 1016.047421875
1968 10 0 1016.2528125
1968 11 0 1014.68375
1968 12 0 1009.56515625
1969 1 0 1008.3584375
1969 2 0 1006.60078125
1969 3 0 1013.306015625
1969 4 0 1011.911875
1969 5 0 1010.624765625
1969 6 0 1016.0965625
1969 7 0 1021.27359375
1969 8 0 1017.99171875
1969 9 0 1021.47875
1969 10 0 1021.864921875
1969 11 0 1002.89828125
1969 12 0 1013.1340625
1970 1 0 1007.188125
1970 2 0 1004.22578125
1970 3 0 1007.335234375
1970 4 0 1007.731953125
1970 5 0 1015.020546875
1970 6 0 1019.08109375
1970 7 0 1012.87578125
1970 8 0 1018.740703125
1970 9 0 1019.6371875
1970 10 0 1015.854453125
1970 11 0 1007.022265625
1970 12 0 1018.468359375
1971 1 0 1005.45640625
1971 2 0 1014.8428125
1971 3 0 1011.311640625
1971 4 0 1013.50703125
1971 5 0 1013.214609375
1971 6 0 1012.245
1971 7 0 1019.300703125
1971 8 0 1015.877890625
1971 9 0 1025.851328125
1971 10 0 1023.755078125
1971 11 0 1009.704609375
1971 12 0 1020.438671875
1972 1 0 1012.495546875
1972 2 0 1009.22484375
1972 3 0 1011.183125
1972 4 0 1008.22484375
1972 5 0 1010.880234375
1972 6 0 1014.225859375
1972 7 0 1018.89109375
1972 8 0 1020.590234375
1972 9 0 1024.74515625
1972 10 0 1020.35546875
1972 11 0 1011.699296875
1972 12 0 1018.8734375
1973 1 0 1019.4765625
1973 2 0 1008.685078125
1973 3 0 1021.297734375
1973 4 0 1011.121171875
1973 5 0 1014.33078125
1973 6 0 1020.28359375
1973 7 0 1014.153515625
1973 8 0 1021.199453125
1973 9 0 1019.218359375
1973 10 0 1019.694921875
1973 11 0 1014.41140625
1973 12 0 1008.5109375
1974 1 0 1009.90953125
1974 2 0 1004.755
1974 3 0 1015.902890625
1974 4 0 1016.529453125
1974 5 0 1013.67734375
1974 6 0 1014.553515625
1974 7 0 1013.441640625
1974 8 0 1018.561484375
1974 9 0 1012.69859375
1974 10 0 1009.9403125
1974 11 0 1007.823046875
1974 12 0 1010.539453125
1975 1 0 1007.258515625
1975 2 0 1023.08875
1975 3 0 1006.734140625
1975 4 0 1012.383671875
1975 5 0 1017.37828125
1975 6 0 1019.65046875
1975 7 0 1016.538046875
1975 8 0 1020.835
1975 9 0 1017.900859375
1975 10 0 1022.3375
1975 11 0 1014.620625
1975 12 0 1018.144765625
1976 1 0 1010.27359375
1976 2 0 1017.884921875
1976 3 0 1017.259765625
1976 4 0 1017.17
1976 5 0 1014.442734375
1976 6 0 1020.52265625
1976 7 0 1017.185625
1976 8 0 1024.68765625
1976 9 0 1017.84984375
1976 10 0 1007.541796875
1976 11 0 1012.617890625
1976 12 0 1005.863984375
1977 1 0 1006.565703125
1977 2 0 1003.172578125
1977 3 0 1013.63953125
1977 4 0 1009.791015625
1977 5 0 1016.33375
1977 6 0 1015.176171875
1977 7 0 1014.72796875
1977 8 0 1016.977421875
1977 9 0 1025.393984375
1977 10 0 1015.91609375
1977 11 0 1004.336953125
1977 12 0 1015.053359375
1978 1 0 1006.0084375
1978 2 0 1006.54078125
1978 3 0 1005.568984375
1978 4 0 1011.350859375
1978 5 0 1016.2396875
1978 6 0 1013.236484375
1978 7 0 1015.426328125
1978 8 0 1019.083828125
1978 9 0 1017.649140625
1978 10 0 1020.838359375
1978 11 0 1021.293359375
1978 12 0 1004.752421875
1979 1 0 1009.567421875
1979 2 0 1010.068359375
1979 3 0 1002.6590625
1979 4 0 1009.148984375
1979 5 0 1013.571796875
1979 6 0 1018.140234375
1979 7 0 1018.24015625
1979 8 0 1015.848828125
1979 9 0 1022.693515625
1979 10 0 1014.8490625
1979 11 0 1010.636875
1979 12 0 1004.85828125
1980 1 0 1012.51984375
1980 2 0 1016.271640625
1980 3 0 1008.9809375
1980 4 0 1017.297421875
1980 5 0 1016.305625
1980 6 0 1011.008125
1980 7 0 1012.84296875
1980 8 0 1016.86703125
1980 9 0 1021.55296875
1980 10 0 1009.2715625
1980 11 0 1013.0184375
1980 12 0 1011.218671875
1981 1 0 1014.1390625
1981 2 0 1016.801015625
1981 3 0 1002.864453125
1981 4 0 1017.8240625
1981 5 0 1009.769765625
1981 6 0 1016.146875
1981 7 0 1015.564140625
1981 8 0 1022.010234375
1981 9 0 1019.005
1981 10 0 1007.741328125
1981 11 0 1016.93625
1981 12 0 998.6596875
1982 1 0 1014.116953125
1982 2 0 1015.92875
1982 3 0 1012.05203125
1982 4 0 1016.914296875
1982 5 0 1017.0515625
1982 6 0 1014.308046875
1982 7 0 1020.353515625
1982 8 0 1014.98578125
1982 9 0 1020.218671875
1982 10 0 1010.564453125
1982 11 0 1009.186484375
1982 12 0 1007.268828125
1983 1 0 1014.1003125
1983 2 0 1016.77546875
1983 3 0 1011.748828125
1983 4 0 1005.55234375
1983 5 0 1007.158671875
1983 6 0 1020.100234375
1983 7 0 1019.07359375
1983 8 0 1022.59484375
1983 9 0 1015.784921875
1983 10 0 1016.8290625
1983 11 0 1016.3303125
1983 12 0 1010.757109375
1984 1 0 1002.40171875
1984 2 0 1017.0728125
1984 3 0 1014.984140625
1984 4 0 1018.922109375
1984 5 0 1009.92015625
1984 6 0 1015.827109375
1984 7 0 1017.76015625
1984 8 0 1021.059921875
1984 9 0 1011.989296875
1984 10 0 1013.5546875
1984 11 0 1007.34328125
1984 12 0 1016.77921875
1985 1 0 1009.276171875
1985 2 0 1019.8253125
1985 3 0 1009.426328125
1985 4 0 1007.536015625
1985 5 0 1012.35015625
1985 6 0 1011.71671875
1985 7 0 1014.94859375
1985 8 0 1013.605
1985 9 0 1022.2959375
1985 10 0 1024.86015625
1985 11 0 1010.8065625
1985 12 0 1009.121015625
1986 1 0 1001.780625
1986 2 0 1016.793515625
1986 3 0 1011.3175
1986 4 0 1008.448515625
1986 5 0 1014.15890625
1986 6 0 1017.879765625
1986 7 0 1016.34921875
1986 8 0 1015.628046875
1986 9 0 1024.2446875
1986 10 0 1016.72046875
1986 11 0 1014.26828125
1986 12 0 1010.263828125
1987 1 0 1018.120390625
1987 2 0 1011.631875
1987 3 0 1013.69203125
1987 4 0 1014.54015625
1987 5 0 1014.146328125
1987 6 0 1011.475859375
1987 7 0 1014.89171875
1987 8 0 1016.060234375
1987 9 0 1018.8140625
1987 10 0 1013.688671875
1987 11 0 1013.366328125
1987 12 0 1015.737890625
1988 1 0 1001.441328125
1988 2 0 1006.812109375
1988 3 0 1005.591796875
1988 4 0 1014.534765625
1988 5 0 1012.647734375
1988 6 0 1016.2284375
1988 7 0 1011.473125
1988 8 0 1014.617109375
1988 9 0 1018.788203125
1988 10 0 1017.0778125
1988 11 0 1018.900234375
1988 12 0 1016.783828125
1989 1 0 1023.783359375
1989 2 0 1010.51203125
1989 3 0 1009.2803125
1989 4 0 1007.487421875
1989 5 0 1020.148359375
1989 6 0 1017.24453125
1989 7 0 1019.489375
1989 8 0 1015.4584375
1989 9 0 1022.559296875
1989 10 0 1016.4240625
1989 11 0 1014.517734375
1989 12 0 1009.4621875
1990 1 0 1011.42390625
1990 2 0 1001.963515625
1990 3 0 1020.613359375
1990 4 0 1012.163515625
1990 5 0 1019.395
1990 6 0 1011.755625
1990 7 0 1018.2103125
1990 8 0 1019.338515625
1990 9 0 1017.916328125
1990 10 0 1010.845625
1990 11 0 1010.301015625
1990 12 0 1012.611875
1991 1 0 1017.060703125
1991 2 0 1014.906796875
1991 3 0 1011.799140625
1991 4 0 1014.47890625
1991 5 0 1018.625234375
1991 6 0 1009.9275
1991 7 0 1016.167421875
1991 8 0 1021.110703125
1991 9 0 1018.845390625
1991 10 0 1017.045859375
1991 11 0 1008.152578125
1991 12 0 1023.009296875
1992 1 0 1024.393203125
1992 2 0 1017.9971875
1992 3 0 1009.98484375
1992 4 0 1007.91234375
1992 5 0 1017.370234375
1992 6 0 1017.5634375
1992 7 0 1016.06625
1992 8 0 1012.397734375
1992 9 0 1020.2946875
1992 10 0 1009.278515625
1992 11 0 1008.562578125
1992 12 0 1014.65328125
1993 1 0 1013.445859375
1993 2 0 1024.397734375
1993 3 0 1019.5109375
1993 4 0 1010.05296875
1993 5 0 1013.5215625
1993 6 0 1015.7365625
1993 7 0 1012.866484375
1993 8 0 1019.003671875
1993 9 0 1015.49296875
1993 10 0 1014.476640625
1993 11 0 1019.97515625
1993 12 0 999.7853125
1994 1 0 1003.7653125
1994 2 0 1011.63234375
1994 3 0 1010.527265625
1994 4 0 1008.93
1994 5 0 1013.1621875
1994 6 0 1016.262109375
1994 7 0 1018.479453125
1994 8 0 1015.69109375
1994 9 0 1015.2384375
1994 10 0 1015.895234375
1994 11 0 1015.774453125
1994 12 0 1011.508046875
1995 1 0 1006.67546875
1995 2 0 1003.008984375
1995 3 0 1007.279375
1995 4 0 1014.91359375
1995 5 0 1014.446640625
1995 6 0 1016.549296875
1995 7 0 1015.512109375
1995 8 0 1020.411640625
1995 9 0 1013.815625
1995 10 0 1019.548828125
1995 11 0 1014.974765625
1995 12 0 1016.76265625
1996 1 0 1013.88890625
1996 2 0 1009.8709375
1996 3 0 1018.012890625
1996 4 0 1016.275546875
1996 5 0 1012.794296875
1996 6 0 1019.620234375
1996 7 0 1016.654140625
1996 8 0 1017.538515625
1996 9 0 1020.971875
1996 10 0 1015.596328125
1996 11 0 1005.67109375
1996 12 0 1012.3384375
1997 1 0 1019.96859375
1997 2 0 1010.300703125
1997 3 0 1020.1628125
1997 4 0 1017.58703125
1997 5 0 1014.025
1997 6 0 1010.341796875
1997 7 0 1017.66390625
1997 8 0 1019.421875
1997 9 0 1024.381328125
1997 10 0 1016.4896875
1997 11 0 1006.493046875
1997 12 0 1008.435078125
1998 1 0 1009.401171875
1998 2 0 1017.9765625
1998 3 0 1017.3478125
1998 4 0 1001.52125
1998 5 0 1015.901015625
1998 6 0 1012.716328125
1998 7 0 1011.026171875
1998 8 0 1018.226875
1998 9 0 1013.81578125
1998 10 0 1010.27375
1998 11 0 1015.392109375
1998 12 0 1013.82640625
1999 1 0 1007.11765625
1999 2 0 1008.662421875
1999 3 0 1008.42203125
1999 4 0 1010.75265625
1999 5 0 1014.837578125
1999 6 0 1017.045625
1999 7 0 1016.2996875
1999 8 0 1014.55703125
1999 9 0 1014.441640625
1999 10 0 1015.71796875
1999 11 0 1018.39546875
1999 12 0 1002.134453125
2000 1 0 1017.74625
2000 2 0 1012.07015625
2000 3 0 1016.22359375
2000 4 0 1005.6228125
2000 5 0 1013.9796875
2000 6 0 1017.9584375
2000 7 0 1012.419765625
2000 8 0 1018.62140625
2000 9 0 1017.64234375
2000 10 0 1010.53671875
2000 11 0 999.455078125
2000 12 0 1004.77140625
2001 1 0 1007.946328125
2001 2 0 1012.69171875
2001 3 0 1003.57328125
2001 4 0 1009.4178125
2001 5 0 1017.1196875
2001 6 0 1015.608671875
2001 7 0 1014.338046875
2001 8 0 1016.213203125
2001 9 0 1014.7834375
2001 10 0 1014.8615625
2001 11 0 1018.40703125
2001 12 0 1018.488125
2002 1 0 1015.12609375
2002 2 0 1003.225
2002 3 0 1014.395
2002 4 0 1014.08140625
2002 5 0 1012.16421875
2002 6 0 1014.573359375
2002 7 0 1013.938359375
2002 8 0 1017.377890625
2002 9 0 1023.780546875
2002 10 0 1012.684765625
2002 11 0 1006.145234375
2002 12 0 1014.052109375
2003 1 0 1009.7434375
2003 2 0 1018.294296875
2003 3 0 1021.285625
2003 4 0 1014.98265625
2003 5 0 1013.965625
2003 6 0 1015.198828125
2003 7 0 1015.403984375
2003 8 0 1019.37390625
2003 9 0 1023.729921875
2003 10 0 1013.62328125
2003 11 0 1011.867109375
2003 12 0 1012.415703125
2004 1 0 1003.1721875
2004 2 0 1014.591171875
2004 3 0 1017.809296875
2004 4 0 1010.775
2004 5 0 1013.80515625
2004 6 0 1015.603828125
2004 7 0 1014.341796875
2004 8 0 1011.995703125
2004 9 0 1019.819140625
2004 10 0 1010.62046875
2004 11 0 1017.39515625
2004 12 0 1012.56734375
2005 1 0 1013.928515625
2005 2 0 1015.609375
2005 3 0 1013.4771875
2005 4 0 1011.976640625
2005 5 0 1013.82046875
2005 6 0 1018.323203125
2005 7 0 1014.6175
2005 8 0 1018.568046875
2005 9 0 1021.828671875
2005 10 0 1018.685703125
2005 11 0 1013.00125
2005 12 0 1011.02046875
2006 1 0 1021.68984375
2006 2 0 1011.495546875
2006 3 0 1007.49640625
2006 4 0 1010.663046875
2006 5 0 1012.408046875
2006 6 0 1021.820859375
2006 7 0 1019.6734375
2006 8 0 1012.7475
2006 9 0 1018.523984375
2006 10 0 1012.119609375
2006 11 0 1011.263203125
2006 12 0 1015.66140625
2007 1 0 1007.7084375
2007 2 0 1004.9265625
2007 3 0 1012.530546875
2007 4 0 1021.40578125
2007 5 0 1008.996484375
2007 6 0 1012.08421875
2007 7 0 1009.643125
2007 8 0 1017.325546875
2007 9 0 1021.851484375
2007 10 0 1025.4225
2007 11 0 1014.96765625
2007 12 0 1017.059453125
2008 1 0 1008.117421875
2008 2 0 1018.7925
2008 3 0 1000.6771875
2008 4 0 1009.65796875
2008 5 0 1017.4725
2008 6 0 1016.06546875
2008 7 0 1014.689453125
2008 8 0 1013.53734375
2008 9 0 1023.145078125
2008 10 0 1014.596640625
2008 11 0 1010.93546875
2008 12 0 1015.889921875
