1738 1 0 1048.36451612903
1738 2 0 1051.64642857143
1738 3 0 1033.29677419355
1738 4 0 1045.13333333333
1738 5 0 1037.66129032258
1738 6 0 1040.72
1738 7 0 1046.38387096774
1738 8 0 1042.49677419355
1738 9 0 1044.13666666667
1738 10 0 1041.23548387097
1738 11 0 1049.55666666667
1738 12 0 1044.88387096774
1739 1 0 NA
1739 2 0 NA
1739 3 0 NA
1739 4 0 NA
1739 5 0 NA
1739 6 0 NA
1739 7 0 NA
1739 8 0 NA
1739 9 0 NA
1739 10 0 NA
1739 11 0 NA
1739 12 0 NA
1740 1 0 NA
1740 2 0 NA
1740 3 0 NA
1740 4 0 NA
1740 5 0 NA
1740 6 0 NA
1740 7 0 NA
1740 8 0 NA
1740 9 0 NA
1740 10 0 NA
1740 11 0 NA
1740 12 0 NA
1741 1 0 NA
1741 2 0 NA
1741 3 0 NA
1741 4 0 NA
1741 5 0 NA
1741 6 0 NA
1741 7 0 NA
1741 8 0 NA
1741 9 0 NA
1741 10 0 NA
1741 11 0 NA
1741 12 0 NA
1742 1 0 NA
1742 2 0 NA
1742 3 0 NA
1742 4 0 NA
1742 5 0 NA
1742 6 0 NA
1742 7 0 NA
1742 8 0 NA
1742 9 0 NA
1742 10 0 NA
1742 11 0 NA
1742 12 0 NA
1743 1 0 1050.92580645161
1743 2 0 1042.78571428571
1743 3 0 1041.3
1743 4 0 1032.70666666667
1743 5 0 1045.72258064516
1743 6 0 1043.89666666667
1743 7 0 1038.19032258065
1743 8 0 1046.03870967742
1743 9 0 1048.07
1743 10 0 1042.85
1743 11 0 1039.70666666667
1743 12 0 1049.12258064516
1744 1 0 1054.10322580645
1744 2 0 1046.78275862069
1744 3 0 1030.74516129032
1744 4 0 1031.40333333333
1744 5 0 1044.93548387097
1744 6 0 1045.65
1744 7 0 1042.98064516129
1744 8 0 1043.40967741935
1744 9 0 1038.08666666667
1744 10 0 1032.87096774194
1744 11 0 1036.92333333333
1744 12 0 1040.35483870968
1745 1 0 1048.26774193548
1745 2 0 1033.12857142857
1745 3 0 1034.28387096774
1745 4 0 1038.28333333333
1745 5 0 1037.50967741935
1745 6 0 1040.01666666667
1745 7 0 1044.08064516129
1745 8 0 1039.83225806452
1745 9 0 1046.58
1745 10 0 1040.69032258065
1745 11 0 1036.48666666667
1745 12 0 1043.11935483871
1746 1 0 1045.12903225806
1746 2 0 1040.50357142857
1746 3 0 1036.55161290323
1746 4 0 1033.20666666667
1746 5 0 1044.48387096774
1746 6 0 1037.47333333333
1746 7 0 1044.08709677419
1746 8 0 1042.17741935484
1746 9 0 1041.61
1746 10 0 1043.77741935484
1746 11 0 1040.32666666667
1746 12 0 1035.05806451613
1747 1 0 1042.13225806452
1747 2 0 1027.35714285714
1747 3 0 1046.44516129032
1747 4 0 1041.04333333333
1747 5 0 1043.18387096774
1747 6 0 1035.98333333333
1747 7 0 1042.46774193548
1747 8 0 1046.78064516129
1747 9 0 1038.54333333333
1747 10 0 1050.04838709677
1747 11 0 1047.32
1747 12 0 1029.86451612903
1748 1 0 1048.82580645161
1748 2 0 1045.28571428571
1748 3 0 1035.25161290323
1748 4 0 1035.01333333333
1748 5 0 1040.30322580645
1748 6 0 1044.93666666667
1748 7 0 1042
1748 8 0 1046.87741935484
1748 9 0 1049.15333333333
1748 10 0 1040.02258064516
1748 11 0 1056.40666666667
1748 12 0 1035.56129032258
1749 1 0 1028.05483870968
1749 2 0 1034.18928571429
1749 3 0 1042.73870967742
1749 4 0 1036.88333333333
1749 5 0 1043.32258064516
1749 6 0 1035.53333333333
1749 7 0 1045.65806451613
1749 8 0 1042.68387096774
1749 9 0 1041.88333333333
1749 10 0 1051.53548387097
1749 11 0 1046.99666666667
1749 12 0 1042.11612903226
1750 1 0 1052.34193548387
1750 2 0 1041.35714285714
1750 3 0 1049.22903225806
1750 4 0 1034.83
1750 5 0 1042.69032258065
1750 6 0 1043.86333333333
1750 7 0 1041.60322580645
1750 8 0 1040
1750 9 0 1045.72333333333
1750 10 0 1043.37419354839
1750 11 0 1033.78666666667
1750 12 0 1037.22258064516
1751 1 0 1034.59677419355
1751 2 0 1038.14285714286
1751 3 0 1028.47096774194
1751 4 0 1034.02
1751 5 0 1036.06129032258
1751 6 0 1045.46333333333
1751 7 0 1040.58064516129
1751 8 0 1040.05483870968
1751 9 0 1040.90333333333
1751 10 0 1044.43548387097
1751 11 0 1041.59666666667
1751 12 0 1039.34193548387
1752 1 0 1035.11612903226
1752 2 0 1039.6724137931
1752 3 0 1043.55806451613
1752 4 0 1042.47333333333
1752 5 0 1042.41935483871
1752 6 0 1044.7
1752 7 0 1041.66129032258
1752 8 0 1042.82903225806
1752 9 0 1045.65
1752 10 0 1054.76451612903
1752 11 0 1049.64
1752 12 0 1039.5064516129
1753 1 0 1045.70322580645
1753 2 0 1039.49285714286
1753 3 0 1045.39032258065
1753 4 0 1037.26
1753 5 0 1048.65806451613
1753 6 0 1046.09666666667
1753 7 0 1043.83548387097
1753 8 0 1041.28709677419
1753 9 0 1049.04333333333
1753 10 0 1044.4935483871
1753 11 0 1038.38
1753 12 0 1040.41935483871
1754 1 0 1039.55161290323
1754 2 0 1044.16071428571
1754 3 0 1046.54333333333
1754 4 0 1041.95
1754 5 0 1042.45806451613
1754 6 0 1041.68
1754 7 0 1043.88064516129
1754 8 0 1045.33870967742
1754 9 0 1053.48333333333
1754 10 0 1040.94838709677
1754 11 0 1038.33333333333
1754 12 0 1044.40322580645
1755 1 0 1048.57419354839
1755 2 0 1035.74642857143
1755 3 0 1035.25483870968
1755 4 0 1039.94666666667
1755 5 0 1044.83548387097
1755 6 0 1044.17333333333
1755 7 0 1041.48709677419
1755 8 0 1042.06129032258
1755 9 0 1040.14666666667
1755 10 0 1043.48064516129
1755 11 0 1027.34666666667
1755 12 0 1037.54193548387
1756 1 0 1040.87741935484
1756 2 0 1048.32068965517
1756 3 0 1040.0064516129
1756 4 0 1037.45333333333
1756 5 0 1041.28387096774
1756 6 0 1040.16333333333
1756 7 0 1042.37096774194
1756 8 0 1042.76774193548
1756 9 0 1046.24333333333
1756 10 0 1041.15483870968
1756 11 0 1042.42666666667
1756 12 0 1049.81612903226
1757 1 0 1034.04516129032
1757 2 0 1046.86071428571
1757 3 0 1040.42903225806
1757 4 0 1037.67333333333
1757 5 0 1042.81290322581
1757 6 0 1046.31666666667
1757 7 0 1045.2064516129
1757 8 0 1038.03870967742
1757 9 0 1050.90666666667
1757 10 0 1047.85483870968
1757 11 0 1033.43
1757 12 0 1036.72258064516
1758 1 0 1044.8064516129
1758 2 0 1033.72142857143
1758 3 0 1035.55806451613
1758 4 0 1040.63
1758 5 0 1049.03870967742
1758 6 0 1045.34333333333
1758 7 0 1033.86129032258
1758 8 0 1041.95161290323
1758 9 0 1044.75666666667
1758 10 0 1041.7
1758 11 0 1040.3
1758 12 0 1035.14838709677
1759 1 0 1047.57741935484
1759 2 0 1050.24642857143
1759 3 0 1038.06129032258
1759 4 0 1043.06333333333
1759 5 0 1046.62580645161
1759 6 0 1043.32333333333
1759 7 0 1049.5935483871
1759 8 0 1045.21290322581
1759 9 0 1047.86
1759 10 0 1042.74516129032
1759 11 0 1042.07
1759 12 0 1035.65161290323
1760 1 0 1040.19677419355
1760 2 0 1039.93793103448
1760 3 0 1044.91612903226
1760 4 0 1047.67
1760 5 0 1042.21935483871
1760 6 0 1040.81
1760 7 0 1047.26451612903
1760 8 0 1041.16129032258
1760 9 0 1045.72333333333
1760 10 0 1037.06774193548
1760 11 0 1038.40333333333
1760 12 0 1038.8
1761 1 0 1057.38064516129
1761 2 0 1043.61071428571
1761 3 0 1046.67096774194
1761 4 0 1045.38666666667
1761 5 0 1043.15806451613
1761 6 0 1041.97666666667
1761 7 0 1045.94838709677
1761 8 0 1047.13225806452
1761 9 0 1043.61
1761 10 0 1039.83225806452
1761 11 0 1034.01666666667
1761 12 0 1040.46129032258
1762 1 0 1043.28709677419
1762 2 0 1038.52142857143
1762 3 0 1038.61290322581
1762 4 0 1044.7
1762 5 0 1047.37096774194
1762 6 0 1049.34
1762 7 0 1046.1935483871
1762 8 0 1041.15483870968
1762 9 0 1042.44
1762 10 0 1035.22903225806
1762 11 0 1042.72
1762 12 0 1055.20322580645
1763 1 0 1047.5
1763 2 0 1030.86428571429
1763 3 0 1044.03225806452
1763 4 0 1043.87333333333
1763 5 0 1041.15483870968
1763 6 0 1041.93333333333
1763 7 0 1039.3935483871
1763 8 0 1043.31935483871
1763 9 0 1042.42333333333
1763 10 0 1043.99032258065
1763 11 0 1042.79666666667
1763 12 0 1032.13870967742
1764 1 0 1033
1764 2 0 1040.33448275862
1764 3 0 1046.94838709677
1764 4 0 1037.6
1764 5 0 1047.04193548387
1764 6 0 1044.42333333333
1764 7 0 1046.50322580645
1764 8 0 1042.86774193548
1764 9 0 1047.29333333333
1764 10 0 1042.41290322581
1764 11 0 1041.01666666667
1764 12 0 1038.30967741935
1765 1 0 1038.78709677419
1765 2 0 1042.16785714286
1765 3 0 1029.25161290323
1765 4 0 1041.92333333333
1765 5 0 1049.03548387097
1765 6 0 1050.83
1765 7 0 1050.69677419355
1765 8 0 1045.12580645161
1765 9 0 1047.32666666667
1765 10 0 1035.39677419355
1765 11 0 1044.18
1765 12 0 1045.08064516129
1766 1 0 1058.07741935484
1766 2 0 1044.50357142857
1766 3 0 1039.86774193548
1766 4 0 1041.66
1766 5 0 1041.25483870968
1766 6 0 1044.06333333333
1766 7 0 1042.65806451613
1766 8 0 1049.33870967742
1766 9 0 1049.35333333333
1766 10 0 1044.69032258065
1766 11 0 1047.95
1766 12 0 1046.9064516129
1767 1 0 1038.78709677419
1767 2 0 1035.575
1767 3 0 1040.57741935484
1767 4 0 1048.1
1767 5 0 1040.40967741935
1767 6 0 1046.00333333333
1767 7 0 1039.1064516129
1767 8 0 1044.79677419355
1767 9 0 1046.50666666667
1767 10 0 1042.36451612903
1767 11 0 1043.16333333333
1767 12 0 1043.11290322581
1768 1 0 1038.85806451613
1768 2 0 1043.90689655172
1768 3 0 1051.41290322581
1768 4 0 1042.32
1768 5 0 1044.38709677419
1768 6 0 1039.77333333333
1768 7 0 1040.78709677419
1768 8 0 1041.22903225806
1768 9 0 1037.88666666667
1768 10 0 1040.10322580645
1768 11 0 1033.04666666667
1768 12 0 1044.44516129032
1769 1 0 1040.81612903226
1769 2 0 1031.575
1769 3 0 1045.34838709677
1769 4 0 1040.18333333333
1769 5 0 1042.55483870968
1769 6 0 1042.33
1769 7 0 1046.18064516129
1769 8 0 1040.28064516129
1769 9 0 1040.38333333333
1769 10 0 1053.16129032258
1769 11 0 1038.31666666667
1769 12 0 1043.87096774194
1770 1 0 1044.65806451613
1770 2 0 1043.57857142857
1770 3 0 1034.17096774194
1770 4 0 1033.28666666667
1770 5 0 1038.82258064516
1770 6 0 1040.32
1770 7 0 1044.81290322581
1770 8 0 1047.01612903226
1770 9 0 1040.34
1770 10 0 1036.14516129032
1770 11 0 1033.20666666667
1770 12 0 1033.7935483871
1771 1 0 1033.24516129032
1771 2 0 1044.85714285714
1771 3 0 1037.26129032258
1771 4 0 1042.56
1771 5 0 1042.79032258065
1771 6 0 1044.13333333333
1771 7 0 1045.03870967742
1771 8 0 1039.08709677419
1771 9 0 1044.52666666667
1771 10 0 1041.55483870968
1771 11 0 1049.46
1771 12 0 1034.12258064516
1772 1 0 1031.94516129032
1772 2 0 1027.80344827586
1772 3 0 1032.06774193548
1772 4 0 1040.01666666667
1772 5 0 1045.36774193548
1772 6 0 1047.32333333333
1772 7 0 1045.33225806452
1772 8 0 1042.74516129032
1772 9 0 1038.94666666667
1772 10 0 1045.59677419355
1772 11 0 1036.24
1772 12 0 1044.68387096774
1773 1 0 1038.6935483871
1773 2 0 1042.55357142857
1773 3 0 1049.54193548387
1773 4 0 1041.17
1773 5 0 1039.68709677419
1773 6 0 1041.19666666667
1773 7 0 1045.36774193548
1773 8 0 1045.97096774194
1773 9 0 1040.52333333333
1773 10 0 1042.41612903226
1773 11 0 1033.54
1773 12 0 1033.79677419355
1774 1 0 1031.72258064516
1774 2 0 1037.98571428571
1774 3 0 1039.97741935484
1774 4 0 1038.16333333333
1774 5 0 1040.80322580645
1774 6 0 1041.95
1774 7 0 1044.89677419355
1774 8 0 1044.00967741935
1774 9 0 1040.00666666667
1774 10 0 1050.13225806452
1774 11 0 1037.64333333333
1774 12 0 1049.43870967742
1775 1 0 1042.16774193548
1775 2 0 1037.01428571429
1775 3 0 1037.85806451613
1775 4 0 1046.68333333333
1775 5 0 1048.36451612903
1775 6 0 1043.85666666667
1775 7 0 1042.42903225806
1775 8 0 1042.32580645161
1775 9 0 1040.12
1775 10 0 1041.04516129032
1775 11 0 1040.07666666667
1775 12 0 1047.05161290323
1776 1 0 1037.75483870968
1776 2 0 1024.98275862069
1776 3 0 1042.54516129032
1776 4 0 1045.43666666667
1776 5 0 1044.70967741935
1776 6 0 1042.28333333333
1776 7 0 1044.34516129032
1776 8 0 1043.65161290323
1776 9 0 1042.38
1776 10 0 1048.32258064516
1776 11 0 1043.04333333333
1776 12 0 1042.66774193548
1777 1 0 1040.3
1777 2 0 1036.06785714286
1777 3 0 1038.11290322581
1777 4 0 1046.16333333333
1777 5 0 1039.19032258065
1777 6 0 1044.68
1777 7 0 1041.55806451613
1777 8 0 1048.34193548387
1777 9 0 1049.86
1777 10 0 1042.25806451613
1777 11 0 1044.19333333333
1777 12 0 1039.36451612903
1778 1 0 1039.33870967742
1778 2 0 1038.65357142857
1778 3 0 1038.33548387097
1778 4 0 1037.26
1778 5 0 1043.47096774194
1778 6 0 1047.45666666667
1778 7 0 1045.01612903226
1778 8 0 1051.39032258065
1778 9 0 1045.62333333333
1778 10 0 1035.09677419355
1778 11 0 1037.18
1778 12 0 1041.87741935484
1779 1 0 1057.53548387097
1779 2 0 1056.59642857143
1779 3 0 1053.50967741935
1779 4 0 1044.80333333333
1779 5 0 1042.96774193548
1779 6 0 1043.09333333333
1779 7 0 1042.66129032258
1779 8 0 1048.49032258065
1779 9 0 1043.68333333333
1779 10 0 1046.61935483871
1779 11 0 1031.89
1779 12 0 1034.02258064516
1780 1 0 1038.94193548387
1780 2 0 1041.47586206897
1780 3 0 1043.69032258065
1780 4 0 1033.66333333333
1780 5 0 1044.09677419355
1780 6 0 1045.45333333333
1780 7 0 1046.81290322581
1780 8 0 1049.1064516129
1780 9 0 1042.53666666667
1780 10 0 1036.81290322581
1780 11 0 1039.77
1780 12 0 1055.05483870968
1781 1 0 1043.39032258065
1781 2 0 1035.81428571429
1781 3 0 1051.08064516129
1781 4 0 1041.8
1781 5 0 1046.64838709677
1781 6 0 1038.46666666667
1781 7 0 1047.35806451613
1781 8 0 1043.20967741935
1781 9 0 1040.58
1781 10 0 1049.36451612903
1781 11 0 1035.82333333333
1781 12 0 1041.66129032258
1782 1 0 1037.51612903226
1782 2 0 1045.23214285714
1782 3 0 1035.32903225806
1782 4 0 1033.59333333333
1782 5 0 1035.88064516129
1782 6 0 1048.11
1782 7 0 1044.85161290323
1782 8 0 1035.35161290323
1782 9 0 1044.17
1782 10 0 1039.25806451613
1782 11 0 1042.02333333333
1782 12 0 1046.41290322581
1783 1 0 1030.49032258065
1783 2 0 1037.27857142857
1783 3 0 1035.07096774194
1783 4 0 1049.82
1783 5 0 1041.43870967742
1783 6 0 1043.09
1783 7 0 1047.71290322581
1783 8 0 1044.28709677419
1783 9 0 1041.75666666667
1783 10 0 1045.21612903226
1783 11 0 1042.34333333333
1783 12 0 1045.55483870968
1784 1 0 1038.93225806452
1784 2 0 1034.21724137931
1784 3 0 1034.46129032258
1784 4 0 1036.49666666667
1784 5 0 1048.64193548387
1784 6 0 1042.91666666667
1784 7 0 1042.53548387097
1784 8 0 1045.01612903226
1784 9 0 1046.6
1784 10 0 1048.49032258065
1784 11 0 1041.21666666667
1784 12 0 1033.22258064516
1785 1 0 1040.26451612903
1785 2 0 1036.99642857143
1785 3 0 1044.6935483871
1785 4 0 1050.14
1785 5 0 1045.37741935484
1785 6 0 1049.75
1785 7 0 1041.05483870968
1785 8 0 1038.82258064516
1785 9 0 1039.68666666667
1785 10 0 1042.90322580645
1785 11 0 1038.73
1785 12 0 1040.22258064516
1786 1 0 1036.01666666667
1786 2 0 1042.77857142857
1786 3 0 1036.1
1786 4 0 1041.55333333333
1786 5 0 1043.73225806452
1786 6 0 1044.78
1786 7 0 1045.47096774194
1786 8 0 1042.10967741935
1786 9 0 1038.69666666667
1786 10 0 1045.87741935484
1786 11 0 1040.03103448276
1786 12 0 1032.99333333333
1787 1 0 1052.55806451613
1787 2 0 1041.73214285714
1787 3 0 1038.83548387097
1787 4 0 1040.01333333333
1787 5 0 1041.35161290323
1787 6 0 1043.02333333333
1787 7 0 1040.5
1787 8 0 1045.14838709677
1787 9 0 1048.02222222222
1787 10 0 NA
1787 11 0 NA
1787 12 0 NA
1788 1 0 1042.53870967742
1788 2 0 1026.96551724138
1788 3 0 1032.35483870968
1788 4 0 1041.99
1788 5 0 1043.43870967742
1788 6 0 1039.50333333333
1788 7 0 1043.25483870968
1788 8 0 1040.51612903226
1788 9 0 1039.17666666667
1788 10 0 1045.27741935484
1788 11 0 1045.43333333333
1788 12 0 1038.26129032258
1789 1 0 1035.2
1789 2 0 1030.26071428571
1789 3 0 1032.22903225806
1789 4 0 1034.11333333333
1789 5 0 1039.36451612903
1789 6 0 1036.45333333333
1789 7 0 1038.61290322581
1789 8 0 1044.32903225806
1789 9 0 1038.09333333333
1789 10 0 1032.95483870968
1789 11 0 1032.71666666667
1789 12 0 1037.57419354839
1790 1 0 1044.80967741935
1790 2 0 1049.01071428571
1790 3 0 1050.29032258065
1790 4 0 1037.51
1790 5 0 1039.20322580645
1790 6 0 1043.5
1790 7 0 1035.57096774194
1790 8 0 1041.18709677419
1790 9 0 1040.98
1790 10 0 1040.46774193548
1790 11 0 1037.52666666667
1790 12 0 1035.82258064516
1791 1 0 1026.37741935484
1791 2 0 1037.25357142857
1791 3 0 1045.96451612903
1791 4 0 1034.31666666667
1791 5 0 1041.37741935484
1791 6 0 1039.86
1791 7 0 1038.44193548387
1791 8 0 1044.10967741935
1791 9 0 1045.36333333333
1791 10 0 1033.65806451613
1791 11 0 1032.39333333333
1791 12 0 1027.96129032258
1792 1 0 1031.25483870968
1792 2 0 1040.38965517241
1792 3 0 1034.98064516129
1792 4 0 1039.13
1792 5 0 1044.71290322581
1792 6 0 1039.07666666667
1792 7 0 1039.04193548387
1792 8 0 1040.05806451613
1792 9 0 1034.86666666667
1792 10 0 1037.00967741935
1792 11 0 1042.12333333333
1792 12 0 1032.38064516129
1793 1 0 1043.11935483871
1793 2 0 1034.53214285714
1793 3 0 1037.75483870968
1793 4 0 1035.48
1793 5 0 1042.14193548387
1793 6 0 1040.62666666667
1793 7 0 1043.62903225806
1793 8 0 1038.64516129032
1793 9 0 1041.65333333333
1793 10 0 1041.74838709677
1793 11 0 1036.05
1793 12 0 1034.17741935484
1794 1 0 1042.39032258065
1794 2 0 1036.82592592593
1794 3 0 1043.78387096774
1794 4 0 1039.51
1794 5 0 1040.57419354839
1794 6 0 1042.32666666667
1794 7 0 1043.44838709677
1794 8 0 1039.18387096774
1794 9 0 1037.70666666667
1794 10 0 1038.65483870968
1794 11 0 1039.31
1794 12 0 1047.5935483871
1795 1 0 1048.20322580645
1795 2 0 1034.88571428571
1795 3 0 1037.79677419355
1795 4 0 1036.03
1795 5 0 1045.83225806452
1795 6 0 1038.57
1795 7 0 1040.54193548387
1795 8 0 1041.6064516129
1795 9 0 1047.22
1795 10 0 1033.97741935484
1795 11 0 1036.04
1795 12 0 1040.43548387097
1796 1 0 1035.5064516129
1796 2 0 1035.86206896552
1796 3 0 1042.88064516129
1796 4 0 1043.68666666667
1796 5 0 1034.30967741935
1796 6 0 1040.69666666667
1796 7 0 1036.23548387097
1796 8 0 1044.35483870968
1796 9 0 1041.26333333333
1796 10 0 1039.06129032258
1796 11 0 1036.04333333333
1796 12 0 1035.63870967742
1797 1 0 1047.34193548387
1797 2 0 1051.57857142857
1797 3 0 1041.27096774194
1797 4 0 1034.03666666667
1797 5 0 1038.76774193548
1797 6 0 1037.9
1797 7 0 1042.42903225806
1797 8 0 1039.73548387097
1797 9 0 1035.43
1797 10 0 1038.12580645161
1797 11 0 1039.40333333333
1797 12 0 1035.84838709677
1798 1 0 1040.66129032258
1798 2 0 1043.56785714286
1798 3 0 1038.31290322581
1798 4 0 1042.00333333333
1798 5 0 1041.88387096774
1798 6 0 1041.39666666667
1798 7 0 1036.48064516129
1798 8 0 1045.59677419355
1798 9 0 1035.76666666667
1798 10 0 1040.75806451613
1798 11 0 1029.3724137931
1798 12 0 1040.58387096774
1799 1 0 1042.63870967742
1799 2 0 1031.625
1799 3 0 1037.05483870968
1799 4 0 1028.99
1799 5 0 1036.88709677419
1799 6 0 1043.98
1799 7 0 1037.03870967742
1799 8 0 1037.83870967742
1799 9 0 1036.88333333333
1799 10 0 1035.76451612903
1799 11 0 1038.31666666667
1799 12 0 1040.7064516129
1800 1 0 1027.61290322581
1800 2 0 1039.15357142857
1800 3 0 1038.46451612903
1800 4 0 1032.68333333333
1800 5 0 1039.64193548387
1800 6 0 1040.89
1800 7 0 1048.36451612903
1800 8 0 1043.94516129032
1800 9 0 1035.80666666667
1800 10 0 1038.68709677419
1800 11 0 1031.36333333333
1800 12 0 1031.97741935484
1801 1 0 1036.84838709677
1801 2 0 1035.03214285714
1801 3 0 1037.24516129032
1801 4 0 1043.94333333333
1801 5 0 1037.48387096774
1801 6 0 1042.91
1801 7 0 1035.93548387097
1801 8 0 1045.43870967742
1801 9 0 1040.07666666667
1801 10 0 1036.75483870968
1801 11 0 1031.42666666667
1801 12 0 1023.40967741935
1802 1 0 1039.88709677419
1802 2 0 1036.3
1802 3 0 1044.26129032258
1802 4 0 1043.70333333333
1802 5 0 1046.05483870968
1802 6 0 1041.15666666667
1802 7 0 1038.98064516129
1802 8 0 1046.00967741935
1802 9 0 1045.78666666667
1802 10 0 1038.71290322581
1802 11 0 1033.08333333333
1802 12 0 1035.48387096774
1803 1 0 1036.58709677419
1803 2 0 1036.92142857143
1803 3 0 1043.7064516129
1803 4 0 1040.6
1803 5 0 1041.06774193548
1803 6 0 1044.93
1803 7 0 1049.3
1803 8 0 1046.73870967742
1803 9 0 1047.81666666667
1803 10 0 1044.60322580645
1803 11 0 1028.11666666667
1803 12 0 1032.25806451613
1804 1 0 1033.07096774194
1804 2 0 1041.28620689655
1804 3 0 1033.52903225806
1804 4 0 1033.55666666667
1804 5 0 1043.21612903226
1804 6 0 1048.49666666667
1804 7 0 1038.76129032258
1804 8 0 1041.05483870968
1804 9 0 1048.37333333333
1804 10 0 1036.36129032258
1804 11 0 1040.97
1804 12 0 1038.70967741935
1805 1 0 1034.79032258065
1805 2 0 1036.03214285714
1805 3 0 1043.43870967742
1805 4 0 1038.85
1805 5 0 1039.74838709677
1805 6 0 1044.12333333333
1805 7 0 1043.68333333333
1805 8 0 1042.08387096774
1805 9 0 1046.55666666667
1805 10 0 1042.59677419355
1805 11 0 1053.42
1805 12 0 1032.12903225806
1806 1 0 1030.38387096774
1806 2 0 1039.84285714286
1806 3 0 1034.28064516129
1806 4 0 1043.60333333333
1806 5 0 1041.79677419355
1806 6 0 1047.87333333333
1806 7 0 1039.28387096774
1806 8 0 1040.91935483871
1806 9 0 1045.96666666667
1806 10 0 1043.2
1806 11 0 1036.80333333333
1806 12 0 1031.26129032258
1807 1 0 1044.40967741935
1807 2 0 1033.83928571429
1807 3 0 1042.46129032258
1807 4 0 1041.20333333333
1807 5 0 1039.48064516129
1807 6 0 1045.94333333333
1807 7 0 1043.98064516129
1807 8 0 1044.09032258065
1807 9 0 1038.21666666667
1807 10 0 1041.22580645161
1807 11 0 1028.86333333333
1807 12 0 1041.11612903226
1808 1 0 1037.69032258065
1808 2 0 1045.46551724138
1808 3 0 1049.52580645161
1808 4 0 1038.23
1808 5 0 1044.30322580645
1808 6 0 1043.80333333333
1808 7 0 1040.16363636364
1808 8 0 1042.08064516129
1808 9 0 1039.71666666667
1808 10 0 1035.16129032258
1808 11 0 1039.72
1808 12 0 1035.29032258065
1809 1 0 1030.28709677419
1809 2 0 1035.27857142857
1809 3 0 NA
1809 4 0 1035.98333333333
1809 5 0 1014.7
1809 6 0 1014.48333333333
1809 7 0 1012.34193548387
1809 8 0 1011.25161290323
1809 9 0 1007.29333333333
1809 10 0 1023.32258064516
1809 11 0 1013.56333333333
1809 12 0 1002.12580645161
1810 1 0 1022.33548387097
1810 2 0 1011.225
1810 3 0 1006.81612903226
1810 4 0 1011.51
1810 5 0 1013.09677419355
1810 6 0 1018.64333333333
1810 7 0 1011.24193548387
1810 8 0 1013.74838709677
1810 9 0 1018.44
1810 10 0 1014.57419354839
1810 11 0 1002.26666666667
1810 12 0 1005.37419354839
1811 1 0 1013.9935483871
1811 2 0 1002.75
1811 3 0 1019.98064516129
1811 4 0 1008.70333333333
1811 5 0 1011.5064516129
1811 6 0 1014.46
1811 7 0 1016.60322580645
1811 8 0 1014.21290322581
1811 9 0 1015.70666666667
1811 10 0 1007.94516129032
1811 11 0 1014.52
1811 12 0 1005.68387096774
1812 1 0 1010.68709677419
1812 2 0 1005.45517241379
1812 3 0 1006.64193548387
1812 4 0 1013
1812 5 0 1012.72258064516
1812 6 0 1014.92333333333
1812 7 0 1015.39677419355
1812 8 0 1015.26774193548
1812 9 0 1018.45666666667
1812 10 0 1000.16774193548
1812 11 0 1010.81
1812 12 0 1014.36774193548
1813 1 0 1019.85161290323
1813 2 0 1010.60357142857
1813 3 0 1020.5064516129
1813 4 0 1013.17333333333
1813 5 0 1009.17096774194
1813 6 0 1016.09666666667
1813 7 0 1011.46129032258
1813 8 0 1017.32580645161
1813 9 0 1016.50333333333
1813 10 0 1005.29677419355
1813 11 0 1008.16
1813 12 0 1010.7935483871
1814 1 0 1000.9935483871
1814 2 0 1017.07142857143
1814 3 0 1008.24516129032
1814 4 0 1012.14333333333
1814 5 0 1013.57741935484
1814 6 0 1015.23666666667
1814 7 0 1015.38387096774
1814 8 0 1015.77096774194
1814 9 0 1019.13
1814 10 0 1010.56129032258
1814 11 0 1006.83333333333
1814 12 0 1007.5
1815 1 0 1010.78387096774
1815 2 0 1009.27857142857
1815 3 0 1008.91935483871
1815 4 0 1011.68
1815 5 0 1013.79677419355
1815 6 0 1011.61666666667
1815 7 0 1016.60322580645
1815 8 0 1013.42903225806
1815 9 0 1017.06333333333
1815 10 0 1013.66451612903
1815 11 0 1014.88
1815 12 0 1008.17096774194
1816 1 0 1004.75483870968
1816 2 0 1008.15172413793
1816 3 0 1007.85483870968
1816 4 0 1006.09
1816 5 0 1009.13225806452
1816 6 0 1010.33103448276
1816 7 0 1006.04516129032
1816 8 0 1013.1
1816 9 0 1012.27333333333
1816 10 0 1010.15483870968
1816 11 0 1007.11333333333
1816 12 0 1006.57419354839
1817 1 0 1010.45806451613
1817 2 0 1009.81428571429
1817 3 0 1008.24516129032
1817 4 0 1019.75333333333
1817 5 0 1006.47419354839
1817 6 0 1012.37666666667
1817 7 0 1010.27419354839
1817 8 0 1009.32258064516
1817 9 0 1015.2
1817 10 0 1014.65483870968
1817 11 0 1015.8
1817 12 0 1001.55161290323
1818 1 0 1009.66129032258
1818 2 0 1006.925
1818 3 0 1002.2064516129
1818 4 0 1006.29333333333
1818 5 0 1011.69677419355
1818 6 0 1018.28333333333
1818 7 0 1018.33548387097
1818 8 0 1017.13870967742
1818 9 0 1011.35333333333
1818 10 0 1014.46774193548
1818 11 0 1012.63333333333
1818 12 0 1018.42903225806
1819 1 0 1009.51935483871
1819 2 0 1003.28571428571
1819 3 0 1010.65806451613
1819 4 0 1010.11333333333
1819 5 0 1013.82580645161
1819 6 0 1013.67666666667
1819 7 0 1015.48709677419
1819 8 0 1016.45483870968
1819 9 0 1015.53333333333
1819 10 0 1009.56774193548
1819 11 0 1005.55
1819 12 0 1006.37419354839
1820 1 0 1011.80322580645
1820 2 0 1014.74482758621
1820 3 0 1009.36774193548
1820 4 0 1013.23
1820 5 0 1011.11935483871
1820 6 0 1013.22333333333
1820 7 0 1013.69677419355
1820 8 0 1015.06774193548
1820 9 0 1015.17
1820 10 0 1003.48387096774
1820 11 0 1011.32666666667
1820 12 0 1013.69032258065
1821 1 0 1012.44193548387
1821 2 0 1022.12857142857
1821 3 0 1003.22580645161
1821 4 0 1004.40333333333
1821 5 0 1011.21290322581
1821 6 0 1016.12
1821 7 0 1013.53225806452
1821 8 0 1014.6
1821 9 0 1011.43333333333
1821 10 0 1013.33225806452
1821 11 0 1009.34333333333
1821 12 0 999.303225806452
1822 1 0 1014.81612903226
1822 2 0 1017.90714285714
1822 3 0 1014.61290322581
1822 4 0 1012.86
1822 5 0 1014.5
1822 6 0 1018.31333333333
1822 7 0 1009.21612903226
1822 8 0 1012.50967741935
1822 9 0 1014.27666666667
1822 10 0 1007.07096774194
1822 11 0 1008.64666666667
1822 12 0 1011.99677419355
1823 1 0 1005.94516129032
1823 2 0 996.260714285714
1823 3 0 1006.63225806452
1823 4 0 1009.21333333333
1823 5 0 1013.96774193548
1823 6 0 1011.91666666667
1823 7 0 1010.70967741935
1823 8 0 1013.61612903226
1823 9 0 1015.67666666667
1823 10 0 1008.2
1823 11 0 1018.71666666667
1823 12 0 1005.64193548387
1824 1 0 1015.11290322581
1824 2 0 1009.50689655172
1824 3 0 1007.30322580645
1824 4 0 1010.70333333333
1824 5 0 1013.4
1824 6 0 1012.80666666667
1824 7 0 1015.73548387097
1824 8 0 1013.55806451613
1824 9 0 1013.18
1824 10 0 1003.68064516129
1824 11 0 1002.50333333333
1824 12 0 1007.07096774194
1825 1 0 1021.37
1825 2 0 1018.03571428571
1825 3 0 1018.02580645161
1825 4 0 1014.41666666667
1825 5 0 1014.94838709677
1825 6 0 1015.15333333333
1825 7 0 1018.77419354839
1825 8 0 1013.00967741935
1825 9 0 1012.16
1825 10 0 1014.43870967742
1825 11 0 1003.06
1825 12 0 1001.36129032258
1826 1 0 1016.58064516129
1826 2 0 1011.97857142857
1826 3 0 1013.92580645161
1826 4 0 1012.4
1826 5 0 1014.28387096774
1826 6 0 1021.75666666667
1826 7 0 1015.02903225806
1826 8 0 1015.90322580645
1826 9 0 1013.23666666667
1826 10 0 1011.38214285714
1826 11 0 1005.91666666667
1826 12 0 1010.17666666667
1827 1 0 1007.05806451613
1827 2 0 1014.33928571429
1827 3 0 1002.10967741935
1827 4 0 1013.72
1827 5 0 1010.08064516129
1827 6 0 1013.03333333333
1827 7 0 1018.7935483871
1827 8 0 1014.55806451613
1827 9 0 1016.12
1827 10 0 1008.77741935484
1827 11 0 1015.89
1827 12 0 1008.80967741935
1828 1 0 1017.24838709677
1828 2 0 1011.79655172414
1828 3 0 1014.72580645161
1828 4 0 1007.42666666667
1828 5 0 1008.29677419355
1828 6 0 1015.46
1828 7 0 1006.24838709677
1828 8 0 1010.36451612903
1828 9 0 1014.83333333333
1828 10 0 1017.42580645161
1828 11 0 1011.88
1828 12 0 1014.28064516129
1829 1 0 1006.65483870968
1829 2 0 NA
1829 3 0 NA
1829 4 0 NA
1829 5 0 NA
1829 6 0 NA
1829 7 0 NA
1829 8 0 NA
1829 9 0 NA
1829 10 0 NA
1829 11 0 NA
1829 12 0 NA
1830 1 0 1012.71935483871
1830 2 0 1009.06785714286
1830 3 0 1016.43870967742
1830 4 0 1007.14333333333
1830 5 0 1009.36451612903
1830 6 0 1008.73666666667
1830 7 0 1014.35806451613
1830 8 0 NA
1830 9 0 NA
1830 10 0 NA
1830 11 0 NA
1830 12 0 NA
1831 1 0 NA
1831 2 0 NA
1831 3 0 NA
1831 4 0 NA
1831 5 0 NA
1831 6 0 NA
1831 7 0 NA
1831 8 0 NA
1831 9 0 NA
1831 10 0 NA
1831 11 0 NA
1831 12 0 NA
1832 1 0 NA
1832 2 0 NA
1832 3 0 NA
1832 4 0 NA
1832 5 0 NA
1832 6 0 NA
1832 7 0 NA
1832 8 0 NA
1832 9 0 NA
1832 10 0 NA
1832 11 0 NA
1832 12 0 NA
1833 1 0 NA
1833 2 0 NA
1833 3 0 NA
1833 4 0 NA
1833 5 0 NA
1833 6 0 NA
1833 7 0 NA
1833 8 0 NA
1833 9 0 NA
1833 10 0 NA
1833 11 0 NA
1833 12 0 NA
1834 1 0 NA
1834 2 0 NA
1834 3 0 NA
1834 4 0 NA
1834 5 0 NA
1834 6 0 NA
1834 7 0 NA
1834 8 0 NA
1834 9 0 NA
1834 10 0 NA
1834 11 0 NA
1834 12 0 NA
1835 1 0 1016.45483870968
1835 2 0 1005.83571428571
1835 3 0 1012.3064516129
1835 4 0 1016.95
1835 5 0 1010.85806451613
1835 6 0 1016.45666666667
1835 7 0 1017.84516129032
1835 8 0 1015.69032258065
1835 9 0 1008.34666666667
1835 10 0 1007.69032258065
1835 11 0 1013.29333333333
1835 12 0 1018.91935483871
1836 1 0 1012.26451612903
1836 2 0 1006.13103448276
1836 3 0 999.677419354839
1836 4 0 1008.40333333333
1836 5 0 1019.97096774194
1836 6 0 1013.92333333333
1836 7 0 1014.60322580645
1836 8 0 1015.88387096774
1836 9 0 1012.15333333333
1836 10 0 1009.8
1836 11 0 1001.44
1836 12 0 1005.79032258065
1837 1 0 1010.92903225806
1837 2 0 1012.94285714286
1837 3 0 NA
1837 4 0 1006.52333333333
1837 5 0 1011.48064516129
1837 6 0 1015.71
1837 7 0 1014.21935483871
1837 8 0 1015.61612903226
1837 9 0 1012.23
1837 10 0 1017.4935483871
1837 11 0 1006.73
1837 12 0 1013.52903225806
1838 1 0 1012.14838709677
1838 2 0 1002.06071428571
1838 3 0 1006.71290322581
1838 4 0 1004.21666666667
1838 5 0 1011.70967741935
1838 6 0 1011.45
1838 7 0 1014.03548387097
1838 8 0 1012.38064516129
1838 9 0 1014.76333333333
1838 10 0 1012.02903225806
1838 11 0 1001.24
1838 12 0 1016.54838709677
1839 1 0 1006.67096774194
1839 2 0 NA
1839 3 0 1007.99032258065
1839 4 0 NA
1839 5 0 NA
1839 6 0 NA
1839 7 0 NA
1839 8 0 NA
1839 9 0 NA
1839 10 0 NA
1839 11 0 NA
1839 12 0 NA
1840 1 0 1007.87741935484
1840 2 0 NA
1840 3 0 NA
1840 4 0 1015.80666666667
1840 5 0 1010.50322580645
1840 6 0 1013.88333333333
1840 7 0 1010.88709677419
1840 8 0 1013.38387096774
1840 9 0 1008.10333333333
1840 10 0 1008.31612903226
1840 11 0 1003.53333333333
1840 12 0 1018.6064516129
1841 1 0 1005.42903225806
1841 2 0 1008.15714285714
1841 3 0 NA
1841 4 0 NA
1841 5 0 NA
1841 6 0 NA
1841 7 0 NA
1841 8 0 NA
1841 9 0 1010.79666666667
1841 10 0 1000.04516129032
1841 11 0 1006.98
1841 12 0 1002.75806451613
1842 1 0 1014.28387096774
1842 2 0 1014.87857142857
1842 3 0 1008.13870967742
1842 4 0 1015.69
1842 5 0 1013.51935483871
1842 6 0 1016.6
1842 7 0 1013.84838709677
1842 8 0 1017.92580645161
1842 9 0 1011.19666666667
1842 10 0 1012.38709677419
1842 11 0 1006.25
1842 12 0 1017.62903225806
1843 1 0 1004.5
1843 2 0 1000.12142857143
1843 3 0 1011.57741935484
1843 4 0 1008.41666666667
1843 5 0 1008.92258064516
1843 6 0 1009.51666666667
1843 7 0 1012.74838709677
1843 8 0 1015.19677419355
1843 9 0 1020.18
1843 10 0 1004.92580645161
1843 11 0 1009.45333333333
1843 12 0 1025.19677419355
1844 1 0 1011.61290322581
1844 2 0 999.979310344828
1844 3 0 1006.20967741935
1844 4 0 1018.80333333333
1844 5 0 1015.71612903226
1844 6 0 1013.41
1844 7 0 1011.62903225806
1844 8 0 1008.03548387097
1844 9 0 1016.1
1844 10 0 1005.41333333333
1844 11 0 1008.07666666667
1844 12 0 1015.40967741935
1845 1 0 1008.21612903226
1845 2 0 1009.93928571429
1845 3 0 1011.22580645161
1845 4 0 1008.43666666667
1845 5 0 1007.73870967742
1845 6 0 1013.72
1845 7 0 1012.67096774194
1845 8 0 1010.02258064516
1845 9 0 1012.76333333333
1845 10 0 1014.49677419355
1845 11 0 1006.31034482759
1845 12 0 1003.37096774194
1846 1 0 1007.6
1846 2 0 1011.09642857143
1846 3 0 1006.91612903226
1846 4 0 1004.74666666667
1846 5 0 1013.02580645161
1846 6 0 1016.91
1846 7 0 1013.28709677419
1846 8 0 1013.71612903226
1846 9 0 1014.48
1846 10 0 1005.06451612903
1846 11 0 1014.03448275862
1846 12 0 1005.5
1847 1 0 1011.07419354839
1847 2 0 1008.25714285714
1847 3 0 1013.12903225806
1847 4 0 1004.88
1847 5 0 1012.79032258065
1847 6 0 1012.83666666667
1847 7 0 1017.38709677419
1847 8 0 1015.46451612903
1847 9 0 1011.93666666667
1847 10 0 1013.92580645161
1847 11 0 1016.61666666667
1847 12 0 1010.16129032258
1848 1 0 1012.96451612903
1848 2 0 1001.51034482759
1848 3 0 1001.06774193548
1848 4 0 1004.06
1848 5 0 1018.1064516129
1848 6 0 1009.93666666667
1848 7 0 1016.49032258065
1848 8 0 1011.19032258065
1848 9 0 1014.52666666667
1848 10 0 1008.94516129032
1848 11 0 1009.18666666667
1848 12 0 1014.4
1849 1 0 1009.8064516129
1849 2 0 1020.27857142857
1849 3 0 1014.41612903226
1849 4 0 1003.55666666667
1849 5 0 1012.59677419355
1849 6 0 1015.25
1849 7 0 1013.98064516129
1849 8 0 1015.03225806452
1849 9 0 1013.53666666667
1849 10 0 1011.07096774194
1849 11 0 1010.39666666667
1849 12 0 1010.55483870968
1850 1 0 1012.98709677419
1850 2 0 1009.91071428571
1850 3 0 1017.47741935484
1850 4 0 1006.58666666667
1850 5 0 1009.87741935484
1850 6 0 1017.05666666667
1850 7 0 1014.23870967742
1850 8 0 1012.79032258065
1850 9 0 1018.11
1850 10 0 1007.21935483871
1850 11 0 1009.47333333333
1850 12 0 1014.81290322581
1851 1 0 1009.96774193548
1851 2 0 1014.36428571429
1851 3 0 1005.05483870968
1851 4 0 1009.15666666667
1851 5 0 1014.66129032258
1851 6 0 1016.87666666667
1851 7 0 1010.83870967742
1851 8 0 1016.51612903226
1851 9 0 1020.23
1851 10 0 1010.98387096774
1851 11 0 1007.17666666667
1851 12 0 1022.93870967742
1852 1 0 1006.92903225806
1852 2 0 1010.74827586207
1852 3 0 1018.79032258065
1852 4 0 1017.80333333333
1852 5 0 1012.05806451613
1852 6 0 1007.39333333333
1852 7 0 1017.09032258065
1852 8 0 1010.29677419355
1852 9 0 1011.77
1852 10 0 1008.11612903226
1852 11 0 1003.12
1852 12 0 1006.26129032258
1853 1 0 1004.84838709677
1853 2 0 1000.025
1853 3 0 1011.09677419355
1853 4 0 1007.52
1853 5 0 1012.38387096774
1853 6 0 1011.5
1853 7 0 1013.40322580645
1853 8 0 1014.42903225806
1853 9 0 1013.22666666667
1853 10 0 1006.65806451613
1853 11 0 1018.19666666667
1853 12 0 1010.81935483871
1854 1 0 1007.26451612903
1854 2 0 1015.65
1854 3 0 1023.76129032258
1854 4 0 1018.13
1854 5 0 1009.98387096774
1854 6 0 1011.55
1854 7 0 1014.93548387097
1854 8 0 1016.34838709677
1854 9 0 1020.80333333333
1854 10 0 1010.03870967742
1854 11 0 1006.59333333333
1854 12 0 1006.14838709677
1855 1 0 1017.35483870968
1855 2 0 1004.54285714286
1855 3 0 1002.88387096774
1855 4 0 1015.24333333333
1855 5 0 1008.51290322581
1855 6 0 1015.53333333333
1855 7 0 1012.13548387097
1855 8 0 1016.29032258065
1855 9 0 1019.38
1855 10 0 1003.48709677419
1855 11 0 1014.50333333333
1855 12 0 1009.72903225806
1856 1 0 1001.70967741935
1856 2 0 1014.87931034483
1856 3 0 1018.98387096774
1856 4 0 1007.17666666667
1856 5 0 1008.22903225806
1856 6 0 1016.65
1856 7 0 1015.09677419355
1856 8 0 1012.62580645161
1856 9 0 1008.68
1856 10 0 1020.89677419355
1856 11 0 1012.29333333333
1856 12 0 1005.78387096774
1857 1 0 1005
1857 2 0 1017.27142857143
1857 3 0 1009.75806451613
1857 4 0 1007.00333333333
1857 5 0 1014.12580645161
1857 6 0 1017.40666666667
1857 7 0 1015.79677419355
1857 8 0 1016.86129032258
1857 9 0 1015.53666666667
1857 10 0 1011.55161290323
1857 11 0 1018.77666666667
1857 12 0 1024.32580645161
1858 1 0 1024.36774193548
1858 2 0 1014.96071428571
1858 3 0 1008.74838709677
1858 4 0 1012.73333333333
1858 5 0 1011.82258064516
1858 6 0 1018.32
1858 7 0 1012.38709677419
1858 8 0 1014.00967741935
1858 9 0 1016.70333333333
1858 10 0 1014
1858 11 0 1011.62333333333
1858 12 0 1011.75161290323
1859 1 0 1019.44193548387
1859 2 0 1011.78928571429
1859 3 0 1010.74516129032
1859 4 0 1005.44482758621
1859 5 0 1013.0935483871
1859 6 0 1012.83666666667
1859 7 0 1019.58387096774
1859 8 0 1015.37741935484
1859 9 0 1010.76333333333
1859 10 0 1005.40967741935
1859 11 0 1012.50333333333
1859 12 0 1006.05161290323
1860 1 0 1001.90322580645
1860 2 0 1007.27931034483
1860 3 0 1002.46451612903
1860 4 0 1007.17
1860 5 0 1008.05161290323
1860 6 0 1005.88
1860 7 0 1011.06129032258
1860 8 0 1002.81290322581
1860 9 0 1009.23
1860 10 0 1010.92903225806
1860 11 0 1006.81
1860 12 0 999.351612903226
